X,Y
182.000,476.000
180.403,475.067
179.022,474.018
177.832,472.839
176.808,471.515
175.923,470.031
175.151,468.373
174.467,466.528
173.852,464.504
173.291,462.318
172.767,459.986
172.265,457.525
171.769,454.953
171.263,452.286
170.731,449.540
170.157,446.733
169.527,443.882
168.843,441.001
168.113,438.106
167.347,435.214
166.555,432.337
165.746,429.494
164.930,426.697
164.116,423.963
163.314,421.308
162.534,418.745
161.783,416.291
161.073,413.952
160.411,411.720
159.804,409.584
159.262,407.534
158.792,405.560
158.403,403.653
158.103,401.803
157.898,399.998
157.784,398.219
157.744,396.435
157.760,394.619
157.815,392.740
157.893,390.770
157.976,388.678
158.048,386.439
158.102,384.062
158.140,381.577
158.161,379.013
158.166,376.402
158.155,373.772
158.129,371.156
158.087,368.583
158.030,366.083
157.959,363.685
157.881,361.395
157.808,359.200
157.755,357.084
157.733,355.034
157.756,353.033
157.836,351.069
157.987,349.126
158.217,347.190
158.507,345.249
158.830,343.290
159.161,341.302
159.474,339.274
159.742,337.192
159.939,335.046
160.040,332.824
160.043,330.527
159.967,328.169
159.834,325.764
159.663,323.325
159.475,320.866
159.291,318.400
159.132,315.943
159.017,313.506
158.964,311.103
158.966,308.727
159.004,306.367
159.062,304.011
159.120,301.645
159.160,299.258
159.164,296.837
159.113,294.369
158.990,291.843
158.790,289.263
158.555,286.692
158.338,284.204
158.189,281.876
158.162,279.780
158.307,277.993
158.677,276.589
159.321,275.639
160.219,275.085
161.272,274.720
162.373,274.328
163.420,273.698
164.353,272.732
165.167,271.476
165.862,269.986
166.438,268.316
166.893,266.523
167.229,264.657
167.461,262.740
167.613,260.774
167.712,258.760
167.780,256.701
167.842,254.598
167.923,252.455
168.047,250.273
168.225,248.056
168.447,245.808
168.700,243.536
168.971,241.244
169.249,238.938
169.522,236.623
169.777,234.305
170.001,231.988
170.187,229.680
170.338,227.383
170.464,225.105
170.571,222.851
170.670,220.625
170.767,218.433
170.870,216.280
170.989,214.172
171.129,212.114
171.285,210.108
171.448,208.157
171.611,206.262
171.763,204.425
171.897,202.648
172.004,200.934
172.077,199.277
172.118,197.644
172.130,195.995
172.115,194.292
172.077,192.496
172.019,190.567
171.944,188.470
171.848,186.208
171.728,183.803
171.580,181.281
171.398,178.664
171.179,175.975
170.918,173.239
170.611,170.480
170.253,167.720
169.839,164.983
169.375,162.289
168.876,159.653
168.360,157.088
167.844,154.608
167.345,152.228
166.881,149.960
166.468,147.820
166.124,145.821
165.865,143.975
165.699,142.271
165.626,140.676
165.646,139.158
165.758,137.684
165.962,136.219
166.260,134.744
166.675,133.309
167.236,131.996
167.972,130.884
168.912,130.053
170.077,129.570
171.435,129.422
172.937,129.571
174.537,129.982
176.186,130.617
177.839,131.440
179.470,132.415
181.077,133.508
182.659,134.685
184.215,135.913
185.742,137.157
187.239,138.384
188.705,139.561
190.130,140.692
191.498,141.818
192.793,142.981
193.998,144.224
195.095,145.591
196.070,147.124
196.913,148.850
197.645,150.742
198.293,152.766
198.882,154.884
199.439,157.062
199.990,159.262
200.561,161.448
201.177,163.586
201.853,165.655
202.582,167.665
203.354,169.628
204.160,171.558
204.989,173.467
205.832,175.368
206.680,177.274
207.522,179.196
208.346,181.139
209.135,183.101
209.875,185.078
210.548,187.068
211.140,189.069
211.634,191.079
212.015,193.094
212.273,195.115
212.421,197.146
212.474,199.196
212.451,201.271
212.369,203.379
212.243,205.526
212.092,207.720
211.931,209.966
211.772,212.253
211.618,214.542
211.472,216.796
211.335,218.975
211.212,221.042
211.104,222.957
211.015,224.682
210.948,226.190
210.906,227.540
210.894,228.829
210.917,230.157
210.979,231.619
211.083,233.302
211.222,235.197
211.382,237.244
211.549,239.384
211.709,241.559
211.850,243.709
211.956,245.776
212.016,247.702
212.029,249.470
212.012,251.127
211.984,252.720
211.964,254.299
211.972,255.912
212.025,257.607
212.130,259.408
212.273,261.298
212.439,263.259
212.611,265.272
212.775,267.319
212.916,269.382
213.018,271.441
213.073,273.485
213.091,275.517
213.082,277.541
213.057,279.564
213.028,281.589
213.005,283.621
212.999,285.665
213.018,287.725
213.057,289.795
213.101,291.865
213.137,293.926
213.151,295.967
213.131,297.979
213.062,299.953
212.932,301.878
212.738,303.760
212.490,305.614
212.199,307.458
211.874,309.312
211.525,311.192
211.164,313.117
210.800,315.103
210.442,317.141
210.101,319.199
209.785,321.243
209.504,323.241
209.267,325.159
209.083,326.964
208.961,328.625
208.900,330.146
208.888,331.585
208.910,333.000
208.952,334.452
209.000,336.000
209.042,337.690
209.074,339.511
209.093,341.439
209.098,343.450
209.087,345.518
209.058,347.620
209.008,349.731
208.936,351.830
208.843,353.909
208.730,355.968
208.597,358.007
208.447,360.025
208.281,362.022
208.099,363.996
207.903,365.947
207.700,367.881
207.502,369.808
207.321,371.740
207.169,373.686
207.059,375.659
207.002,377.669
207.011,379.727
207.087,381.826
207.214,383.932
207.375,386.009
207.553,388.024
207.732,389.938
207.895,391.719
208.024,393.329
208.109,394.766
208.147,396.101
208.138,397.412
208.082,398.776
207.979,400.274
207.833,401.947
207.659,403.754
207.475,405.642
207.298,407.556
207.145,409.444
207.032,411.251
206.976,412.927
206.972,414.482
206.996,415.978
207.026,417.475
207.038,419.039
207.009,420.730
206.918,422.599
206.761,424.601
206.538,426.661
206.252,428.700
205.904,430.641
205.496,432.407
205.029,433.920
204.512,435.137
203.988,436.172
203.510,437.187
203.131,438.346
202.902,439.805
202.824,441.599
202.854,443.649
202.947,445.872
203.055,448.182
203.134,450.498
203.138,452.734
203.020,454.807
202.746,456.653
202.336,458.310
201.830,459.855
201.268,461.360
200.689,462.902
200.133,464.554
199.633,466.380
199.161,468.340
198.659,470.341
198.068,472.288
197.329,474.090
196.382,475.651
195.169,476.878
193.646,477.694
191.865,478.114
189.908,478.188
187.860,477.964
185.803,477.492
183.822,476.821
182.000,476.000
