X,Y
212.000,503.000
210.578,502.703
209.302,501.818
208.162,500.447
207.147,498.693
206.248,496.660
205.455,494.451
204.756,492.166
204.146,489.873
203.618,487.585
203.171,485.311
202.798,483.061
202.496,480.844
202.261,478.671
202.090,476.550
201.977,474.492
201.917,472.496
201.897,470.543
201.907,468.613
201.934,466.685
201.966,464.737
201.992,462.750
201.999,460.703
201.980,458.581
201.931,456.391
201.854,454.142
201.747,451.844
201.613,449.506
201.449,447.137
201.256,444.745
201.034,442.342
200.784,439.935
200.514,437.535
200.234,435.155
199.956,432.803
199.688,430.493
199.443,428.234
199.229,426.038
199.059,423.916
198.942,421.878
198.876,419.924
198.854,418.043
198.865,416.225
198.899,414.459
198.947,412.734
198.999,411.040
199.046,409.365
199.082,407.690
199.102,405.998
199.103,404.268
199.079,402.482
199.025,400.621
198.937,398.668
198.820,396.625
198.682,394.507
198.533,392.332
198.383,390.114
198.240,387.869
198.113,385.613
198.013,383.362
197.947,381.130
197.912,378.914
197.902,376.706
197.910,374.499
197.930,372.283
197.956,370.052
197.981,367.796
197.998,365.509
198.002,363.182
197.994,360.819
197.979,358.425
197.961,356.009
197.946,353.576
197.938,351.134
197.942,348.688
197.962,346.247
198.004,343.817
198.070,341.401
198.157,338.998
198.262,336.602
198.380,334.207
198.509,331.810
198.644,329.405
198.781,326.988
198.917,324.553
199.047,322.097
199.174,319.620
199.308,317.136
199.459,314.657
199.638,312.196
199.855,309.766
200.121,307.379
200.445,305.049
200.840,302.788
201.313,300.609
201.855,298.513
202.440,296.493
203.044,294.543
203.642,292.657
204.211,290.829
204.726,289.053
205.161,287.321
205.516,285.622
205.816,283.937
206.088,282.244
206.361,280.523
206.661,278.755
207.017,276.918
207.450,275.006
207.954,273.060
208.520,271.133
209.139,269.275
209.799,267.539
210.493,265.977
211.208,264.640
211.930,263.521
212.630,262.515
213.279,261.506
213.850,260.377
214.315,259.022
214.682,257.428
214.976,255.638
215.224,253.697
215.451,251.647
215.682,249.532
215.945,247.397
216.262,245.280
216.627,243.181
217.026,241.087
217.442,238.984
217.861,236.856
218.267,234.689
218.644,232.470
218.976,230.182
219.252,227.819
219.471,225.403
219.643,222.969
219.772,220.549
219.865,218.178
219.928,215.889
219.969,213.716
219.994,211.692
220.008,209.847
220.016,208.166
220.018,206.599
220.015,205.097
220.009,203.613
220.001,202.096
219.991,200.504
219.981,198.829
219.974,197.071
219.972,195.233
219.975,193.316
219.987,191.320
220.009,189.248
220.040,187.108
220.073,184.920
220.102,182.705
220.119,180.482
220.119,178.273
220.095,176.098
220.039,173.978
219.946,171.931
219.818,169.960
219.666,168.046
219.502,166.173
219.335,164.323
219.177,162.478
219.039,160.621
218.932,158.736
218.860,156.832
218.822,154.932
218.818,153.061
218.848,151.242
218.912,149.500
219.010,147.859
219.140,146.327
219.301,144.869
219.487,143.438
219.697,141.990
219.927,140.479
220.176,138.867
220.475,137.201
220.874,135.574
221.422,134.083
222.167,132.823
223.160,131.889
224.393,131.330
225.711,131.063
226.938,130.986
227.894,130.997
228.470,131.007
228.972,131.000
229.784,131.001
230.898,131.076
232.195,131.308
233.553,131.777
234.860,132.557
236.064,133.644
237.155,134.984
238.125,136.520
238.963,138.197
239.662,139.959
240.212,141.752
240.627,143.541
240.943,145.315
241.201,147.067
241.441,148.789
241.702,150.473
242.025,152.110
242.434,153.703
242.910,155.284
243.421,156.894
243.938,158.572
244.430,160.358
244.867,162.291
245.222,164.407
245.497,166.688
245.715,169.078
245.900,171.523
246.074,173.968
246.262,176.356
246.487,178.635
246.772,180.747
247.141,182.639
247.596,184.307
248.112,185.821
248.662,187.257
249.217,188.691
249.751,190.199
250.236,191.853
250.659,193.672
251.023,195.613
251.329,197.635
251.581,199.695
251.780,201.751
251.929,203.758
252.031,205.677
252.090,207.492
252.113,209.234
252.108,210.934
252.082,212.625
252.043,214.339
251.997,216.108
251.953,217.956
251.914,219.880
251.887,221.872
251.874,223.924
251.882,226.026
251.914,228.171
251.975,230.349
252.070,232.552
252.193,234.769
252.335,236.990
252.486,239.201
252.637,241.393
252.778,243.552
252.899,245.667
252.990,247.727
253.045,249.723
253.067,251.663
253.066,253.561
253.050,255.433
253.027,257.292
253.008,259.154
253.000,261.032
253.010,262.940
253.032,264.890
253.058,266.891
253.080,268.954
253.089,271.089
253.078,273.305
253.039,275.613
252.963,278.023
252.848,280.529
252.697,283.109
252.514,285.740
252.304,288.396
252.069,291.055
251.815,293.692
251.544,296.283
251.262,298.805
250.971,301.233
250.677,303.552
250.383,305.774
250.096,307.914
249.819,309.986
249.558,312.008
249.317,313.995
249.102,315.962
248.917,317.924
248.761,319.894
248.626,321.878
248.504,323.882
248.387,325.912
248.266,327.977
248.134,330.081
247.983,332.231
247.806,334.431
247.606,336.673
247.384,338.950
247.144,341.252
246.889,343.572
246.621,345.900
246.342,348.228
246.057,350.547
245.766,352.850
245.476,355.128
245.190,357.375
244.915,359.583
244.654,361.747
244.412,363.857
244.196,365.909
244.009,367.894
243.855,369.809
243.722,371.666
243.598,373.481
243.469,375.270
243.321,377.050
243.140,378.836
242.914,380.645
242.640,382.488
242.335,384.369
242.017,386.291
241.704,388.257
241.412,390.271
241.159,392.335
240.964,394.453
240.832,396.621
240.744,398.824
240.677,401.044
240.610,403.261
240.518,405.458
240.380,407.617
240.174,409.719
239.877,411.748
239.488,413.695
239.032,415.568
238.539,417.376
238.037,419.127
237.554,420.831
237.119,422.496
236.759,424.131
236.478,425.750
236.270,427.371
236.126,429.011
236.040,430.688
236.003,432.418
236.007,434.217
236.040,436.079
236.083,437.986
236.120,439.918
236.133,441.856
236.107,443.780
236.022,445.671
235.868,447.515
235.662,449.326
235.437,451.136
235.226,452.971
235.061,454.862
234.974,456.836
234.997,458.924
235.150,461.143
235.398,463.460
235.690,465.828
235.976,468.202
236.204,470.534
236.324,472.779
236.286,474.890
236.038,476.819
235.539,478.536
234.795,480.085
233.828,481.537
232.661,482.963
231.315,484.435
229.814,486.024
228.178,487.800
226.432,489.814
224.604,491.998
222.723,494.244
220.819,496.444
218.922,498.492
217.062,500.279
215.268,501.698
213.571,502.641
212.000,503.000
