X	Y
2.191	7.617
2.216	7.608
2.241	7.595
2.264	7.579
2.287	7.561
2.309	7.543
2.329	7.527
2.348	7.513
2.365	7.502
2.380	7.493
2.393	7.483
2.404	7.470
2.412	7.451
2.419	7.426
2.423	7.396
2.426	7.361
2.428	7.324
2.429	7.284
2.428	7.244
2.428	7.205
2.427	7.167
2.426	7.132
2.425	7.101
2.423	7.072
2.422	7.044
2.420	7.018
2.417	6.993
2.413	6.967
2.407	6.941
2.401	6.914
2.393	6.886
2.385	6.858
2.376	6.828
2.368	6.798
2.359	6.768
2.352	6.738
2.345	6.708
2.339	6.678
2.335	6.648
2.331	6.617
2.328	6.586
2.326	6.554
2.324	6.521
2.323	6.486
2.322	6.450
2.321	6.411
2.321	6.372
2.320	6.331
2.320	6.288
2.320	6.245
2.321	6.202
2.321	6.158
2.321	6.114
2.321	6.071
2.322	6.028
2.322	5.986
2.322	5.944
2.322	5.904
2.321	5.863
2.321	5.824
2.321	5.784
2.321	5.744
2.321	5.704
2.321	5.662
2.321	5.621
2.321	5.578
2.322	5.533
2.323	5.488
2.324	5.441
2.325	5.393
2.326	5.345
2.328	5.296
2.330	5.247
2.332	5.197
2.335	5.149
2.337	5.100
2.341	5.052
2.344	5.005
2.348	4.959
2.353	4.914
2.357	4.871
2.362	4.828
2.367	4.787
2.371	4.746
2.376	4.706
2.380	4.667
2.384	4.629
2.388	4.591
2.390	4.554
2.392	4.517
2.394	4.480
2.395	4.444
2.395	4.407
2.395	4.370
2.396	4.332
2.396	4.294
2.397	4.255
2.398	4.214
2.399	4.172
2.401	4.129
2.404	4.084
2.408	4.038
2.411	3.993
2.415	3.947
2.419	3.902
2.422	3.859
2.424	3.818
2.426	3.779
2.427	3.743
2.426	3.710
2.424	3.682
2.422	3.657
2.418	3.635
2.414	3.615
2.411	3.597
2.408	3.580
2.407	3.563
2.406	3.545
2.406	3.525
2.407	3.502
2.408	3.474
2.409	3.440
2.410	3.400
2.412	3.354
2.413	3.305
2.415	3.252
2.416	3.197
2.417	3.140
2.418	3.083
2.419	3.027
2.419	2.972
2.419	2.920
2.419	2.872
2.418	2.828
2.417	2.790
2.415	2.758
2.412	2.730
2.409	2.705
2.406	2.683
2.402	2.660
2.398	2.637
2.393	2.612
2.388	2.584
2.383	2.554
2.377	2.523
2.371	2.491
2.365	2.458
2.359	2.425
2.352	2.393
2.345	2.361
2.338	2.331
2.330	2.301
2.323	2.273
2.315	2.245
2.308	2.218
2.300	2.191
2.292	2.165
2.285	2.139
2.277	2.113
2.269	2.088
2.260	2.063
2.250	2.038
2.239	2.013
2.227	1.989
2.213	1.965
2.198	1.942
2.181	1.919
2.163	1.897
2.144	1.876
2.124	1.856
2.103	1.837
2.082	1.820
2.060	1.804
2.037	1.791
2.015	1.780
1.994	1.771
1.973	1.766
1.953	1.765
1.934	1.767
1.918	1.774
1.904	1.784
1.892	1.799
1.883	1.817
1.877	1.840
1.873	1.866
1.871	1.895
1.870	1.927
1.870	1.960
1.870	1.994
1.869	2.030
1.868	2.065
1.867	2.102
1.865	2.139
1.863	2.176
1.860	2.213
1.857	2.251
1.853	2.289
1.849	2.327
1.844	2.366
1.840	2.404
1.834	2.443
1.829	2.482
1.823	2.521
1.817	2.560
1.811	2.601
1.805	2.641
1.799	2.682
1.793	2.724
1.787	2.766
1.781	2.810
1.776	2.854
1.771	2.898
1.766	2.943
1.761	2.988
1.757	3.033
1.753	3.078
1.749	3.123
1.745	3.167
1.741	3.210
1.738	3.252
1.735	3.292
1.732	3.332
1.730	3.370
1.728	3.407
1.726	3.443
1.724	3.479
1.722	3.515
1.720	3.551
1.719	3.587
1.718	3.624
1.717	3.662
1.716	3.700
1.716	3.740
1.715	3.781
1.714	3.822
1.714	3.864
1.713	3.908
1.713	3.952
1.712	3.996
1.711	4.041
1.710	4.087
1.708	4.134
1.707	4.181
1.705	4.228
1.703	4.276
1.701	4.324
1.699	4.372
1.697	4.421
1.695	4.469
1.693	4.517
1.691	4.566
1.689	4.614
1.688	4.662
1.687	4.709
1.686	4.756
1.686	4.803
1.686	4.849
1.686	4.894
1.687	4.939
1.687	4.983
1.688	5.025
1.689	5.067
1.690	5.108
1.690	5.147
1.691	5.185
1.692	5.222
1.692	5.257
1.693	5.292
1.693	5.327
1.694	5.363
1.695	5.399
1.696	5.437
1.698	5.477
1.700	5.520
1.703	5.565
1.707	5.614
1.711	5.667
1.715	5.722
1.720	5.780
1.725	5.839
1.731	5.899
1.736	5.959
1.741	6.019
1.746	6.077
1.751	6.135
1.755	6.189
1.759	6.241
1.762	6.290
1.764	6.334
1.766	6.374
1.766	6.409
1.766	6.439
1.764	6.467
1.762	6.491
1.759	6.514
1.755	6.535
1.750	6.556
1.744	6.577
1.738	6.598
1.730	6.620
1.721	6.643
1.711	6.669
1.700	6.696
1.686	6.727
1.673	6.759
1.659	6.791
1.645	6.824
1.632	6.855
1.622	6.883
1.614	6.908
1.609	6.929
1.608	6.945
1.610	6.958
1.616	6.970
1.626	6.983
1.638	6.999
1.653	7.017
1.670	7.035
1.687	7.054
1.705	7.071
1.723	7.087
1.739	7.101
1.756	7.113
1.773	7.125
1.790	7.137
1.809	7.149
1.829	7.162
1.850	7.177
1.873	7.192
1.895	7.207
1.917	7.221
1.937	7.234
1.956	7.245
1.972	7.255
1.986	7.265
1.998	7.277
2.009	7.292
2.018	7.312
2.026	7.337
2.033	7.366
2.038	7.396
2.043	7.428
2.047	7.459
2.050	7.489
2.052	7.515
2.054	7.536
2.057	7.554
2.062	7.569
2.070	7.582
2.082	7.594
2.099	7.605
2.119	7.613
2.142	7.619
2.166	7.620
2.191	7.617
