X	Y
2.830	10.745
2.850	10.728
2.868	10.709
2.882	10.687
2.893	10.663
2.903	10.636
2.910	10.606
2.917	10.574
2.923	10.540
2.928	10.504
2.933	10.466
2.937	10.427
2.942	10.387
2.947	10.345
2.952	10.302
2.958	10.259
2.964	10.215
2.972	10.171
2.980	10.127
2.989	10.082
2.999	10.037
3.009	9.992
3.018	9.947
3.028	9.901
3.037	9.855
3.046	9.809
3.053	9.762
3.059	9.715
3.064	9.667
3.067	9.619
3.069	9.572
3.070	9.524
3.070	9.477
3.069	9.431
3.068	9.387
3.066	9.344
3.065	9.303
3.064	9.265
3.064	9.230
3.064	9.198
3.066	9.169
3.068	9.142
3.071	9.116
3.074	9.090
3.079	9.063
3.083	9.034
3.088	9.002
3.093	8.967
3.098	8.928
3.104	8.888
3.110	8.845
3.116	8.801
3.122	8.756
3.129	8.710
3.135	8.664
3.142	8.617
3.149	8.572
3.157	8.527
3.164	8.483
3.171	8.439
3.178	8.396
3.185	8.354
3.191	8.312
3.197	8.271
3.203	8.229
3.207	8.188
3.211	8.147
3.214	8.105
3.217	8.064
3.218	8.022
3.219	7.981
3.219	7.940
3.218	7.899
3.218	7.858
3.216	7.818
3.215	7.779
3.213	7.740
3.212	7.701
3.210	7.664
3.209	7.627
3.208	7.592
3.207	7.557
3.207	7.524
3.208	7.491
3.210	7.460
3.213	7.431
3.218	7.403
3.223	7.375
3.229	7.347
3.235	7.319
3.241	7.289
3.248	7.258
3.254	7.223
3.259	7.186
3.264	7.145
3.268	7.101
3.271	7.055
3.274	7.007
3.277	6.958
3.279	6.907
3.281	6.856
3.283	6.804
3.284	6.753
3.286	6.702
3.287	6.652
3.288	6.603
3.290	6.556
3.291	6.509
3.293	6.464
3.294	6.419
3.296	6.375
3.298	6.331
3.300	6.287
3.302	6.243
3.305	6.199
3.308	6.155
3.311	6.111
3.315	6.066
3.319	6.021
3.322	5.976
3.326	5.932
3.330	5.889
3.333	5.847
3.336	5.806
3.338	5.767
3.340	5.731
3.341	5.696
3.341	5.663
3.341	5.632
3.340	5.602
3.338	5.572
3.336	5.541
3.334	5.510
3.331	5.477
3.327	5.442
3.324	5.405
3.320	5.366
3.316	5.326
3.311	5.286
3.307	5.245
3.302	5.205
3.297	5.165
3.292	5.127
3.286	5.090
3.281	5.055
3.276	5.022
3.270	4.989
3.265	4.956
3.260	4.923
3.255	4.889
3.251	4.853
3.246	4.815
3.243	4.775
3.239	4.732
3.237	4.686
3.234	4.639
3.232	4.590
3.230	4.539
3.229	4.488
3.227	4.437
3.226	4.385
3.225	4.334
3.224	4.283
3.224	4.233
3.223	4.185
3.222	4.139
3.221	4.094
3.220	4.050
3.219	4.007
3.218	3.965
3.215	3.925
3.213	3.885
3.210	3.845
3.206	3.807
3.201	3.768
3.195	3.730
3.189	3.692
3.182	3.654
3.174	3.616
3.166	3.577
3.156	3.539
3.146	3.499
3.135	3.459
3.124	3.418
3.112	3.376
3.099	3.334
3.086	3.290
3.073	3.246
3.059	3.203
3.045	3.159
3.031	3.117
3.016	3.075
3.002	3.035
2.987	2.996
2.973	2.959
2.959	2.924
2.945	2.892
2.931	2.862
2.917	2.834
2.903	2.808
2.889	2.784
2.874	2.762
2.859	2.741
2.844	2.723
2.827	2.706
2.810	2.690
2.791	2.677
2.769	2.666
2.746	2.656
2.720	2.649
2.692	2.644
2.665	2.641
2.637	2.641
2.611	2.643
2.587	2.648
2.566	2.657
2.548	2.668
2.534	2.684
2.522	2.704
2.514	2.729
2.509	2.759
2.506	2.795
2.506	2.835
2.509	2.880
2.513	2.928
2.518	2.980
2.524	3.033
2.532	3.089
2.539	3.147
2.546	3.205
2.553	3.263
2.559	3.321
2.564	3.379
2.567	3.435
2.568	3.490
2.569	3.543
2.568	3.596
2.566	3.649
2.563	3.701
2.560	3.753
2.556	3.805
2.551	3.857
2.547	3.910
2.542	3.963
2.537	4.018
2.533	4.073
2.529	4.130
2.525	4.189
2.521	4.248
2.518	4.309
2.515	4.371
2.513	4.434
2.510	4.498
2.508	4.563
2.505	4.629
2.503	4.695
2.501	4.763
2.499	4.831
2.497	4.899
2.494	4.968
2.492	5.038
2.490	5.108
2.487	5.178
2.484	5.249
2.481	5.319
2.478	5.388
2.475	5.457
2.472	5.525
2.468	5.591
2.465	5.656
2.461	5.719
2.457	5.780
2.453	5.838
2.449	5.893
2.445	5.946
2.441	5.995
2.437	6.040
2.433	6.082
2.429	6.120
2.425	6.156
2.421	6.190
2.418	6.224
2.414	6.257
2.411	6.291
2.408	6.327
2.405	6.365
2.402	6.407
2.400	6.452
2.398	6.500
2.397	6.551
2.395	6.604
2.394	6.658
2.392	6.714
2.391	6.771
2.390	6.828
2.388	6.886
2.387	6.944
2.385	7.001
2.384	7.058
2.381	7.113
2.379	7.167
2.377	7.220
2.374	7.272
2.371	7.323
2.368	7.374
2.366	7.424
2.363	7.474
2.360	7.523
2.357	7.573
2.355	7.622
2.353	7.672
2.351	7.722
2.349	7.772
2.348	7.823
2.346	7.874
2.345	7.925
2.345	7.977
2.344	8.029
2.343	8.081
2.343	8.133
2.342	8.186
2.342	8.238
2.341	8.291
2.341	8.344
2.340	8.396
2.339	8.449
2.339	8.501
2.338	8.554
2.338	8.607
2.337	8.660
2.337	8.713
2.336	8.767
2.336	8.822
2.337	8.876
2.337	8.932
2.338	8.988
2.339	9.045
2.341	9.103
2.343	9.162
2.345	9.221
2.348	9.281
2.351	9.340
2.355	9.400
2.359	9.458
2.364	9.516
2.369	9.572
2.375	9.626
2.381	9.679
2.387	9.730
2.394	9.778
2.401	9.823
2.409	9.865
2.417	9.904
2.425	9.940
2.433	9.974
2.441	10.006
2.449	10.037
2.457	10.066
2.463	10.095
2.469	10.124
2.475	10.152
2.479	10.181
2.482	10.208
2.483	10.236
2.483	10.262
2.480	10.287
2.476	10.311
2.470	10.335
2.464	10.357
2.459	10.379
2.456	10.401
2.457	10.424
2.463	10.448
2.472	10.472
2.485	10.498
2.500	10.525
2.515	10.553
2.531	10.582
2.547	10.613
2.560	10.644
2.571	10.677
2.581	10.708
2.590	10.737
2.598	10.762
2.607	10.783
2.616	10.796
2.625	10.803
2.637	10.803
2.653	10.800
2.672	10.795
2.696	10.790
2.723	10.784
2.751	10.777
2.779	10.769
2.806	10.758
2.830	10.745
