X,Y
212.000,438.000
210.570,436.294
209.289,434.478
208.149,432.563
207.142,430.556
206.257,428.467
205.487,426.303
204.823,424.074
204.255,421.789
203.776,419.455
203.376,417.083
203.048,414.679
202.781,412.254
202.567,409.816
202.398,407.373
202.265,404.935
202.158,402.510
202.070,400.106
201.991,397.732
201.915,395.395
201.841,393.090
201.769,390.814
201.699,388.560
201.631,386.326
201.565,384.104
201.502,381.892
201.441,379.685
201.382,377.477
201.326,375.263
201.273,373.040
201.223,370.802
201.175,368.544
201.131,366.262
201.089,363.951
201.051,361.607
201.016,359.224
200.985,356.798
200.957,354.327
200.932,351.815
200.910,349.263
200.892,346.673
200.877,344.048
200.865,341.391
200.856,338.703
200.850,335.987
200.846,333.245
200.846,330.481
200.848,327.695
200.853,324.890
200.861,322.070
200.871,319.235
200.883,316.389
200.898,313.534
200.916,310.671
200.935,307.805
200.957,304.936
200.981,302.067
201.007,299.201
201.036,296.339
201.067,293.485
201.102,290.640
201.141,287.807
201.186,284.988
201.236,282.184
201.292,279.399
201.355,276.635
201.426,273.894
201.506,271.177
201.595,268.488
201.693,265.829
201.802,263.202
201.922,260.608
202.054,258.051
202.199,255.533
202.357,253.056
202.529,250.621
202.716,248.232
202.918,245.891
203.136,243.599
203.369,241.357
203.614,239.162
203.871,237.012
204.136,234.905
204.407,232.838
204.683,230.810
204.961,228.818
205.239,226.861
205.515,224.935
205.787,223.039
206.053,221.171
206.310,219.328
206.556,217.508
206.790,215.709
207.008,213.929
207.211,212.165
207.398,210.413
207.571,208.670
207.733,206.930
207.883,205.190
208.024,203.446
208.158,201.693
208.286,199.927
208.409,198.144
208.529,196.339
208.648,194.509
208.767,192.650
208.888,190.756
209.011,188.824
209.139,186.851
209.271,184.837
209.405,182.785
209.541,180.695
209.677,178.569
209.812,176.409
209.946,174.215
210.078,171.990
210.206,169.734
210.330,167.450
210.448,165.138
210.559,162.801
210.663,160.439
210.758,158.055
210.844,155.649
210.919,153.223
210.982,150.779
211.034,148.317
211.075,145.845
211.111,143.367
211.147,140.893
211.186,138.428
211.234,135.981
211.295,133.558
211.374,131.166
211.475,128.814
211.603,126.507
211.762,124.253
211.957,122.060
212.193,119.934
212.473,117.883
212.804,115.914
213.189,114.035
213.632,112.251
214.139,110.571
214.712,109.004
215.350,107.562
216.053,106.257
216.818,105.102
217.646,104.110
218.534,103.293
219.482,102.665
220.489,102.237
221.553,102.023
222.673,102.034
223.839,102.263
225.036,102.690
226.249,103.295
227.460,104.056
228.656,104.953
229.820,105.966
230.936,107.073
231.989,108.254
232.963,109.487
233.842,110.753
234.614,112.033
235.283,113.325
235.860,114.635
236.360,115.968
236.793,117.330
237.173,118.727
237.512,120.163
237.823,121.645
238.117,123.178
238.407,124.769
238.707,126.421
239.027,128.142
239.377,129.933
239.755,131.792
240.154,133.710
240.569,135.684
240.996,137.705
241.429,139.769
241.863,141.868
242.293,143.998
242.713,146.152
243.118,148.324
243.504,150.507
243.864,152.696
244.194,154.885
244.488,157.067
244.742,159.237
244.950,161.388
245.107,163.514
245.216,165.613
245.282,167.684
245.312,169.726
245.313,171.738
245.289,173.718
245.247,175.665
245.193,177.580
245.134,179.459
245.075,181.304
245.023,183.111
244.983,184.882
244.961,186.613
244.965,188.305
244.999,189.957
245.068,191.568
245.170,193.142
245.300,194.687
245.455,196.207
245.629,197.708
245.817,199.197
246.017,200.678
246.223,202.159
246.431,203.644
246.636,205.139
246.835,206.650
247.022,208.184
247.194,209.743
247.351,211.329
247.492,212.938
247.617,214.571
247.726,216.225
247.819,217.900
247.896,219.594
247.956,221.305
247.999,223.033
248.025,224.776
248.033,226.533
248.025,228.303
247.998,230.084
247.955,231.875
247.896,233.677
247.825,235.491
247.745,237.319
247.657,239.161
247.566,241.019
247.472,242.894
247.381,244.786
247.293,246.697
247.212,248.628
247.140,250.580
247.080,252.554
247.035,254.552
247.007,256.574
247.000,258.622
247.014,260.695
247.046,262.793
247.094,264.914
247.156,267.057
247.229,269.220
247.310,271.403
247.397,273.603
247.486,275.820
247.576,278.052
247.664,280.298
247.747,282.557
247.823,284.826
247.889,287.106
247.942,289.394
247.979,291.689
247.999,293.990
247.999,296.295
247.976,298.602
247.930,300.907
247.863,303.203
247.773,305.485
247.661,307.747
247.528,309.984
247.373,312.191
247.197,314.362
247.000,316.491
246.783,318.572
246.544,320.601
246.285,322.572
246.007,324.479
245.708,326.316
245.389,328.079
245.051,329.761
244.694,331.360
244.323,332.886
243.942,334.356
243.558,335.787
243.176,337.195
242.802,338.597
242.440,340.009
242.097,341.449
241.778,342.932
241.489,344.475
241.234,346.096
241.020,347.809
240.852,349.629
240.725,351.548
240.638,353.549
240.584,355.619
240.560,357.741
240.561,359.901
240.584,362.083
240.622,364.272
240.673,366.454
240.732,368.612
240.794,370.732
240.855,372.798
240.910,374.795
240.956,376.708
240.987,378.522
241.001,380.222
240.993,381.800
240.971,383.269
240.940,384.646
240.906,385.948
240.877,387.192
240.857,388.393
240.854,389.569
240.875,390.736
240.924,391.911
241.009,393.111
241.134,394.350
241.295,395.633
241.488,396.968
241.708,398.357
241.951,399.808
242.211,401.324
242.485,402.911
242.767,404.574
243.052,406.318
243.338,408.149
243.617,410.071
243.887,412.089
244.142,414.209
244.374,416.419
244.573,418.699
244.728,421.026
244.829,423.380
244.866,425.737
244.828,428.076
244.704,430.375
244.484,432.612
244.157,434.766
243.714,436.813
243.143,438.733
242.434,440.504
241.577,442.103
240.561,443.509
239.375,444.700
238.011,445.655
236.482,446.373
234.808,446.862
233.015,447.131
231.125,447.188
229.162,447.042
227.147,446.702
225.106,446.175
223.060,445.471
221.034,444.598
219.050,443.565
217.131,442.380
215.301,441.052
213.583,439.589
212.000,438.000
