X	Y
5.200	21.600
5.247	21.551
5.281	21.486
5.306	21.409
5.326	21.324
5.343	21.234
5.361	21.144
5.384	21.057
5.415	20.978
5.454	20.906
5.499	20.841
5.549	20.782
5.600	20.725
5.652	20.669
5.700	20.613
5.745	20.555
5.783	20.495
5.819	20.434
5.853	20.376
5.887	20.322
5.925	20.274
5.966	20.237
6.013	20.207
6.062	20.182
6.112	20.154
6.159	20.118
6.201	20.069
6.236	20.002
6.265	19.919
6.287	19.821
6.305	19.712
6.318	19.594
6.328	19.468
6.336	19.339
6.342	19.207
6.346	19.075
6.351	18.947
6.356	18.823
6.362	18.706
6.367	18.596
6.370	18.491
6.372	18.394
6.370	18.303
6.363	18.219
6.351	18.141
6.333	18.071
6.309	18.008
6.278	17.950
6.245	17.895
6.209	17.843
6.175	17.790
6.144	17.735
6.117	17.676
6.095	17.612
6.077	17.542
6.062	17.467
6.049	17.386
6.038	17.298
6.028	17.202
6.017	17.099
6.006	16.989
5.995	16.875
5.983	16.757
5.972	16.638
5.961	16.520
5.951	16.404
5.940	16.294
5.931	16.190
5.922	16.094
5.914	16.009
5.907	15.933
5.902	15.863
5.898	15.794
5.897	15.723
5.898	15.646
5.902	15.559
5.909	15.459
5.919	15.342
5.932	15.213
5.947	15.073
5.965	14.925
5.984	14.771
6.004	14.614
6.024	14.456
6.045	14.301
6.065	14.150
6.085	14.007
6.103	13.873
6.120	13.751
6.135	13.644
6.147	13.551
6.158	13.470
6.167	13.395
6.176	13.324
6.184	13.253
6.192	13.178
6.200	13.094
6.209	13.000
6.218	12.895
6.228	12.781
6.238	12.659
6.248	12.530
6.258	12.396
6.268	12.258
6.277	12.118
6.286	11.977
6.294	11.836
6.301	11.696
6.307	11.559
6.312	11.425
6.316	11.296
6.319	11.169
6.323	11.045
6.326	10.924
6.330	10.805
6.334	10.688
6.340	10.573
6.347	10.459
6.355	10.347
6.366	10.235
6.379	10.124
6.393	10.014
6.409	9.905
6.427	9.796
6.445	9.689
6.463	9.583
6.481	9.479
6.499	9.377
6.517	9.276
6.533	9.177
6.548	9.080
6.562	8.985
6.575	8.893
6.586	8.802
6.596	8.713
6.606	8.626
6.615	8.540
6.623	8.457
6.630	8.375
6.636	8.295
6.641	8.216
6.645	8.138
6.648	8.062
6.649	7.987
6.648	7.913
6.645	7.839
6.640	7.766
6.634	7.694
6.628	7.621
6.621	7.548
6.616	7.475
6.612	7.400
6.610	7.324
6.610	7.250
6.615	7.177
6.625	7.110
6.642	7.049
6.665	6.997
6.697	6.955
6.734	6.919
6.772	6.885
6.808	6.847
6.836	6.799
6.854	6.738
6.864	6.666
6.867	6.586
6.867	6.502
6.866	6.417
6.866	6.333
6.870	6.256
6.879	6.186
6.890	6.125
6.898	6.070
6.899	6.020
6.887	5.974
6.858	5.931
6.814	5.890
6.759	5.853
6.695	5.821
6.628	5.796
6.561	5.778
6.497	5.769
6.437	5.766
6.379	5.766
6.324	5.767
6.270	5.766
6.217	5.761
6.165	5.752
6.115	5.745
6.070	5.745
6.029	5.756
5.995	5.782
5.965	5.822
5.938	5.874
5.912	5.937
5.887	6.009
5.861	6.089
5.833	6.175
5.804	6.266
5.774	6.361
5.744	6.458
5.715	6.557
5.685	6.656
5.657	6.755
5.629	6.851
5.603	6.943
5.579	7.033
5.555	7.122
5.532	7.209
5.509	7.298
5.486	7.387
5.462	7.480
5.437	7.576
5.410	7.677
5.382	7.784
5.352	7.896
5.321	8.012
5.290	8.131
5.259	8.254
5.227	8.377
5.197	8.502
5.167	8.627
5.139	8.751
5.112	8.874
5.088	8.994
5.066	9.111
5.047	9.225
5.031	9.335
5.016	9.442
5.002	9.546
4.990	9.647
4.980	9.745
4.970	9.840
4.960	9.932
4.951	10.020
4.941	10.107
4.932	10.191
4.923	10.275
4.914	10.358
4.905	10.442
4.896	10.529
4.888	10.617
4.880	10.710
4.872	10.806
4.865	10.905
4.858	11.007
4.851	11.111
4.843	11.215
4.836	11.320
4.829	11.424
4.821	11.527
4.812	11.627
4.804	11.725
4.795	11.821
4.785	11.916
4.776	12.010
4.766	12.105
4.757	12.202
4.748	12.301
4.739	12.404
4.731	12.511
4.723	12.623
4.716	12.740
4.709	12.860
4.703	12.983
4.698	13.108
4.692	13.233
4.688	13.359
4.683	13.483
4.679	13.605
4.675	13.724
4.672	13.839
4.668	13.950
4.665	14.056
4.661	14.159
4.658	14.260
4.655	14.360
4.651	14.461
4.648	14.564
4.644	14.670
4.640	14.780
4.635	14.896
4.630	15.018
4.625	15.146
4.619	15.279
4.613	15.414
4.607	15.552
4.600	15.692
4.593	15.831
4.586	15.970
4.578	16.106
4.571	16.240
4.563	16.369
4.555	16.493
4.546	16.610
4.538	16.721
4.530	16.826
4.522	16.925
4.515	17.018
4.508	17.106
4.503	17.188
4.498	17.266
4.494	17.339
4.491	17.409
4.489	17.477
4.489	17.546
4.489	17.619
4.490	17.699
4.492	17.787
4.494	17.887
4.497	18.001
4.500	18.126
4.502	18.260
4.505	18.399
4.506	18.541
4.505	18.683
4.503	18.822
4.499	18.954
4.491	19.077
4.481	19.188
4.468	19.284
4.451	19.362
4.430	19.423
4.408	19.473
4.386	19.519
4.367	19.567
4.350	19.623
4.339	19.691
4.333	19.770
4.332	19.858
4.336	19.954
4.346	20.055
4.361	20.160
4.382	20.267
4.409	20.373
4.441	20.478
4.479	20.580
4.519	20.679
4.560	20.774
4.602	20.866
4.640	20.955
4.675	21.040
4.703	21.121
4.724	21.198
4.736	21.270
4.741	21.339
4.745	21.402
4.753	21.460
4.771	21.511
4.804	21.557
4.855	21.594
4.920	21.622
4.993	21.639
5.068	21.642
5.139	21.630
5.200	21.600
