X	Y
3.154	11.736
3.177	11.718
3.197	11.694
3.214	11.666
3.231	11.636
3.248	11.605
3.267	11.574
3.290	11.545
3.317	11.518
3.347	11.493
3.378	11.469
3.410	11.445
3.441	11.421
3.469	11.396
3.493	11.369
3.512	11.339
3.525	11.307
3.533	11.271
3.537	11.233
3.537	11.192
3.536	11.149
3.533	11.104
3.530	11.057
3.527	11.009
3.526	10.959
3.527	10.908
3.528	10.855
3.531	10.802
3.535	10.748
3.539	10.693
3.545	10.638
3.551	10.583
3.557	10.527
3.564	10.472
3.571	10.417
3.579	10.362
3.586	10.308
3.593	10.256
3.600	10.207
3.605	10.160
3.610	10.117
3.613	10.077
3.615	10.043
3.615	10.014
3.614	9.991
3.611	9.971
3.608	9.952
3.605	9.932
3.604	9.907
3.604	9.877
3.606	9.842
3.609	9.804
3.612	9.762
3.616	9.717
3.620	9.669
3.624	9.619
3.627	9.568
3.630	9.516
3.631	9.464
3.633	9.411
3.633	9.359
3.633	9.307
3.633	9.255
3.632	9.205
3.630	9.157
3.628	9.110
3.626	9.066
3.624	9.024
3.621	8.984
3.618	8.947
3.614	8.911
3.609	8.876
3.604	8.842
3.597	8.808
3.590	8.775
3.581	8.742
3.572	8.709
3.564	8.675
3.555	8.641
3.548	8.607
3.541	8.572
3.537	8.536
3.535	8.500
3.534	8.463
3.535	8.424
3.536	8.384
3.539	8.342
3.542	8.298
3.546	8.252
3.549	8.203
3.552	8.152
3.555	8.098
3.558	8.042
3.560	7.984
3.562	7.925
3.564	7.864
3.566	7.803
3.568	7.741
3.570	7.679
3.571	7.618
3.573	7.557
3.575	7.497
3.576	7.438
3.578	7.381
3.580	7.325
3.583	7.271
3.585	7.217
3.588	7.165
3.592	7.114
3.596	7.063
3.601	7.014
3.606	6.966
3.612	6.919
3.619	6.872
3.627	6.826
3.635	6.781
3.643	6.734
3.651	6.687
3.659	6.639
3.666	6.590
3.673	6.538
3.679	6.484
3.685	6.428
3.689	6.369
3.692	6.308
3.694	6.246
3.695	6.184
3.696	6.123
3.697	6.065
3.697	6.010
3.697	5.960
3.698	5.916
3.699	5.879
3.700	5.850
3.702	5.829
3.704	5.812
3.706	5.795
3.707	5.774
3.709	5.747
3.709	5.714
3.710	5.676
3.710	5.634
3.709	5.587
3.709	5.538
3.708	5.486
3.707	5.432
3.706	5.378
3.706	5.323
3.705	5.268
3.704	5.214
3.703	5.160
3.702	5.107
3.702	5.055
3.701	5.004
3.700	4.955
3.700	4.909
3.700	4.864
3.699	4.823
3.699	4.784
3.699	4.747
3.699	4.713
3.699	4.680
3.699	4.649
3.700	4.619
3.700	4.591
3.700	4.563
3.700	4.534
3.700	4.504
3.700	4.472
3.700	4.436
3.699	4.397
3.699	4.354
3.698	4.307
3.698	4.258
3.697	4.208
3.695	4.157
3.693	4.107
3.691	4.057
3.689	4.010
3.686	3.965
3.682	3.924
3.678	3.886
3.674	3.850
3.669	3.817
3.665	3.785
3.661	3.754
3.657	3.722
3.653	3.691
3.650	3.658
3.648	3.624
3.645	3.590
3.644	3.555
3.642	3.520
3.641	3.483
3.640	3.446
3.640	3.408
3.639	3.370
3.639	3.331
3.638	3.291
3.637	3.251
3.636	3.209
3.634	3.167
3.632	3.125
3.630	3.082
3.627	3.039
3.623	2.996
3.620	2.955
3.616	2.914
3.612	2.875
3.607	2.838
3.603	2.804
3.599	2.772
3.594	2.743
3.588	2.717
3.580	2.693
3.571	2.672
3.559	2.654
3.545	2.637
3.530	2.623
3.513	2.609
3.495	2.596
3.477	2.584
3.460	2.575
3.443	2.571
3.428	2.574
3.415	2.584
3.403	2.600
3.391	2.620
3.378	2.642
3.364	2.665
3.349	2.690
3.333	2.718
3.317	2.748
3.301	2.780
3.284	2.816
3.267	2.855
3.250	2.897
3.233	2.942
3.216	2.988
3.200	3.035
3.183	3.084
3.167	3.132
3.151	3.180
3.136	3.227
3.121	3.273
3.107	3.316
3.094	3.358
3.081	3.399
3.069	3.438
3.057	3.477
3.045	3.516
3.035	3.555
3.024	3.595
3.014	3.635
3.005	3.677
2.996	3.719
2.988	3.761
2.980	3.803
2.972	3.845
2.965	3.885
2.959	3.924
2.953	3.961
2.947	3.995
2.942	4.028
2.938	4.060
2.933	4.092
2.927	4.124
2.922	4.158
2.915	4.193
2.908	4.231
2.900	4.271
2.891	4.313
2.882	4.357
2.873	4.402
2.863	4.449
2.854	4.496
2.845	4.544
2.836	4.593
2.829	4.641
2.821	4.689
2.815	4.737
2.808	4.786
2.803	4.835
2.797	4.884
2.792	4.933
2.787	4.983
2.782	5.033
2.778	5.084
2.773	5.135
2.769	5.187
2.764	5.239
2.760	5.289
2.755	5.339
2.751	5.387
2.746	5.432
2.741	5.475
2.737	5.514
2.732	5.550
2.727	5.582
2.722	5.611
2.717	5.639
2.712	5.668
2.708	5.698
2.704	5.731
2.700	5.769
2.697	5.811
2.694	5.858
2.691	5.908
2.688	5.961
2.686	6.018
2.683	6.076
2.681	6.137
2.679	6.199
2.677	6.262
2.675	6.325
2.672	6.389
2.670	6.453
2.667	6.517
2.665	6.581
2.662	6.645
2.660	6.709
2.657	6.773
2.655	6.836
2.653	6.899
2.651	6.962
2.649	7.025
2.647	7.087
2.645	7.149
2.644	7.211
2.642	7.272
2.641	7.333
2.641	7.394
2.640	7.454
2.640	7.515
2.640	7.575
2.640	7.636
2.641	7.696
2.641	7.757
2.642	7.817
2.644	7.879
2.645	7.940
2.647	8.002
2.649	8.064
2.651	8.125
2.653	8.187
2.655	8.248
2.658	8.308
2.660	8.367
2.662	8.425
2.663	8.481
2.665	8.536
2.666	8.589
2.667	8.640
2.667	8.689
2.667	8.737
2.668	8.783
2.668	8.829
2.668	8.875
2.668	8.922
2.669	8.970
2.671	9.019
2.673	9.071
2.675	9.125
2.679	9.183
2.683	9.242
2.688	9.303
2.693	9.366
2.699	9.430
2.705	9.495
2.711	9.560
2.717	9.625
2.723	9.690
2.728	9.753
2.734	9.815
2.739	9.875
2.743	9.933
2.747	9.989
2.750	10.044
2.754	10.098
2.757	10.151
2.759	10.204
2.762	10.257
2.765	10.312
2.768	10.368
2.771	10.425
2.774	10.485
2.778	10.548
2.782	10.614
2.787	10.682
2.791	10.751
2.797	10.820
2.802	10.888
2.808	10.955
2.813	11.019
2.819	11.080
2.825	11.137
2.831	11.188
2.837	11.234
2.842	11.273
2.848	11.304
2.853	11.330
2.857	11.351
2.861	11.371
2.864	11.392
2.867	11.415
2.868	11.439
2.867	11.464
2.866	11.488
2.864	11.512
2.861	11.534
2.858	11.554
2.856	11.574
2.857	11.594
2.861	11.615
2.868	11.635
2.879	11.654
2.893	11.671
2.911	11.684
2.931	11.694
2.950	11.702
2.967	11.709
2.979	11.718
2.988	11.729
2.997	11.739
3.013	11.748
3.037	11.754
3.065	11.757
3.095	11.755
3.126	11.748
3.154	11.736
