X,Y
203.000,518.000
201.661,517.459
200.372,516.585
199.136,515.415
197.959,513.984
196.842,512.331
195.792,510.491
194.812,508.501
193.906,506.399
193.078,504.220
192.331,501.997
191.657,499.744
191.046,497.465
190.489,495.167
189.974,492.853
189.492,490.531
189.033,488.206
188.585,485.882
188.139,483.566
187.685,481.263
187.212,478.979
186.711,476.719
186.181,474.484
185.626,472.273
185.054,470.084
184.470,467.916
183.881,465.768
183.292,463.638
182.710,461.523
182.141,459.424
181.591,457.338
181.065,455.264
180.569,453.199
180.103,451.139
179.664,449.078
179.251,447.010
178.859,444.930
178.488,442.831
178.134,440.708
177.795,438.555
177.470,436.366
177.155,434.136
176.848,431.857
176.548,429.531
176.256,427.160
175.973,424.747
175.699,422.298
175.435,419.815
175.182,417.302
174.940,414.764
174.710,412.203
174.492,409.625
174.288,407.031
174.098,404.427
173.922,401.817
173.762,399.201
173.616,396.583
173.486,393.961
173.371,391.338
173.271,388.714
173.186,386.090
173.116,383.467
173.062,380.846
173.023,378.227
172.999,375.612
172.991,373.002
172.998,370.396
173.020,367.797
173.057,365.205
173.107,362.621
173.169,360.047
173.242,357.483
173.324,354.930
173.415,352.389
173.514,349.862
173.618,347.349
173.728,344.852
173.841,342.370
173.957,339.907
174.074,337.461
174.194,335.032
174.317,332.613
174.447,330.199
174.585,327.787
174.733,325.371
174.894,322.945
175.068,320.506
175.259,318.047
175.468,315.565
175.697,313.053
175.948,310.508
176.222,307.925
176.521,305.308
176.841,302.663
177.182,299.996
177.543,297.315
177.922,294.627
178.317,291.937
178.729,289.253
179.154,286.581
179.593,283.928
180.043,281.300
180.503,278.705
180.972,276.148
181.449,273.636
181.931,271.174
182.415,268.765
182.898,266.413
183.378,264.122
183.852,261.895
184.317,259.736
184.770,257.649
185.209,255.637
185.630,253.705
186.031,251.856
186.411,250.088
186.773,248.380
187.122,246.706
187.461,245.042
187.797,243.362
188.132,241.642
188.472,239.857
188.821,237.981
189.183,235.991
189.558,233.880
189.941,231.661
190.327,229.347
190.712,226.950
191.089,224.484
191.454,221.962
191.803,219.396
192.129,216.801
192.428,214.187
192.695,211.570
192.925,208.962
193.114,206.374
193.264,203.813
193.388,201.277
193.494,198.765
193.592,196.277
193.693,193.813
193.807,191.370
193.945,188.949
194.115,186.548
194.329,184.168
194.596,181.806
194.926,179.463
195.328,177.137
195.792,174.830
196.301,172.543
196.839,170.277
197.388,168.034
197.932,165.814
198.454,163.620
198.938,161.453
199.366,159.314
199.721,157.204
199.987,155.125
200.155,153.080
200.253,151.080
200.321,149.138
200.398,147.269
200.525,145.487
200.741,143.804
201.086,142.234
201.599,140.792
202.319,139.490
203.244,138.339
204.320,137.343
205.488,136.508
206.691,135.836
207.871,135.335
208.970,135.007
209.948,134.849
210.842,134.823
211.708,134.878
212.604,134.965
213.585,135.040
214.656,135.103
215.786,135.197
216.940,135.365
218.084,135.648
219.186,136.090
220.222,136.718
221.195,137.524
222.115,138.496
222.986,139.622
223.819,140.886
224.619,142.278
225.394,143.784
226.143,145.389
226.857,147.079
227.526,148.838
228.143,150.650
228.696,152.501
229.178,154.374
229.578,156.254
229.888,158.127
230.099,159.976
230.217,161.797
230.259,163.594
230.245,165.369
230.195,167.126
230.126,168.870
230.058,170.604
230.010,172.332
230.001,174.057
230.043,175.783
230.131,177.507
230.254,179.228
230.399,180.943
230.555,182.649
230.712,184.344
230.857,186.026
230.981,187.693
231.071,189.343
231.129,190.987
231.159,192.641
231.165,194.321
231.152,196.043
231.123,197.822
231.082,199.675
231.034,201.616
230.984,203.663
230.932,205.811
230.877,208.031
230.814,210.290
230.743,212.555
230.658,214.791
230.559,216.967
230.441,219.048
230.301,221.002
230.138,222.795
229.948,224.394
229.735,225.801
229.518,227.083
229.316,228.313
229.148,229.564
229.034,230.911
228.993,232.428
229.044,234.182
229.185,236.176
229.398,238.367
229.671,240.712
229.985,243.168
230.327,245.692
230.680,248.241
231.028,250.772
231.357,253.241
231.650,255.607
231.892,257.826
232.067,259.856
232.173,261.694
232.221,263.382
232.223,264.968
232.192,266.495
232.140,268.010
232.079,269.558
232.022,271.185
231.981,272.935
231.959,274.816
231.952,276.802
231.958,278.868
231.970,280.987
231.987,283.132
232.002,285.278
232.014,287.397
232.016,289.462
232.006,291.449
231.979,293.333
231.933,295.120
231.864,296.834
231.772,298.497
231.654,300.134
231.507,301.768
231.330,303.421
231.120,305.118
230.874,306.881
230.597,308.718
230.294,310.623
229.973,312.586
229.642,314.602
229.309,316.662
228.979,318.759
228.662,320.886
228.364,323.034
228.092,325.196
227.855,327.364
227.652,329.533
227.483,331.695
227.343,333.846
227.232,335.979
227.145,338.089
227.081,340.169
227.038,342.214
227.012,344.218
227.001,346.174
227.002,348.079
227.013,349.935
227.029,351.755
227.046,353.551
227.060,355.336
227.068,357.123
227.065,358.922
227.047,360.748
227.010,362.612
226.952,364.524
226.873,366.484
226.777,368.483
226.670,370.515
226.555,372.571
226.436,374.644
226.317,376.726
226.202,378.810
226.096,380.889
226.002,382.954
225.924,384.999
225.864,387.017
225.822,389.002
225.798,390.949
225.795,392.851
225.812,394.702
225.850,396.496
225.910,398.228
225.994,399.890
226.099,401.483
226.223,403.023
226.360,404.536
226.504,406.048
226.649,407.582
226.789,409.165
226.920,410.820
227.035,412.573
227.130,414.433
227.204,416.388
227.257,418.421
227.288,420.519
227.296,422.664
227.280,424.842
227.240,427.037
227.175,429.233
227.084,431.417
226.966,433.571
226.824,435.685
226.668,437.756
226.507,439.783
226.351,441.764
226.210,443.697
226.094,445.581
226.014,447.414
225.978,449.193
225.998,450.919
226.076,452.588
226.187,454.204
226.300,455.768
226.381,457.283
226.397,458.752
226.315,460.177
226.103,461.560
225.730,462.905
225.214,464.220
224.601,465.515
223.937,466.802
223.268,468.091
222.639,469.393
222.098,470.719
221.682,472.080
221.379,473.479
221.150,474.919
220.958,476.399
220.763,477.923
220.529,479.490
220.216,481.103
219.789,482.762
219.239,484.467
218.596,486.214
217.888,487.998
217.145,489.816
216.397,491.664
215.673,493.538
215.003,495.433
214.415,497.346
213.941,499.273
213.591,501.206
213.331,503.128
213.120,505.021
212.915,506.866
212.675,508.644
212.358,510.338
211.921,511.929
211.324,513.398
210.526,514.727
209.531,515.888
208.378,516.847
207.107,517.572
205.761,518.029
204.378,518.182
203.000,518.000
