X,Y
193.000,463.000
191.322,461.996
189.705,460.640
188.154,458.972
186.676,457.032
185.276,454.862
183.960,452.502
182.734,449.993
181.603,447.375
180.574,444.690
179.651,441.977
178.841,439.277
178.150,436.632
177.581,434.078
177.128,431.620
176.777,429.249
176.514,426.953
176.326,424.722
176.199,422.546
176.119,420.414
176.073,418.315
176.047,416.239
176.028,414.175
176.002,412.114
175.958,410.045
175.894,407.966
175.815,405.875
175.723,403.774
175.620,401.659
175.509,399.531
175.393,397.389
175.275,395.231
175.158,393.058
175.044,390.867
174.935,388.659
174.833,386.433
174.736,384.188
174.644,381.924
174.556,379.642
174.471,377.340
174.387,375.018
174.305,372.676
174.223,370.314
174.140,367.932
174.055,365.528
173.967,363.104
173.877,360.661
173.785,358.210
173.692,355.757
173.598,353.313
173.505,350.886
173.413,348.485
173.324,346.118
173.238,343.795
173.155,341.524
173.078,339.314
173.006,337.173
172.940,335.109
172.884,333.110
172.840,331.165
172.809,329.259
172.795,327.378
172.800,325.509
172.827,323.638
172.879,321.751
172.957,319.835
173.065,317.876
173.198,315.870
173.347,313.818
173.502,311.721
173.655,309.584
173.797,307.406
173.917,305.192
174.006,302.942
174.056,300.658
174.057,298.344
174.000,296.000
173.880,293.631
173.710,291.250
173.511,288.870
173.299,286.507
173.095,284.174
172.916,281.887
172.781,279.660
172.710,277.507
172.719,275.442
172.829,273.480
173.057,271.636
173.409,269.914
173.862,268.293
174.388,266.752
174.961,265.268
175.553,263.818
176.136,262.380
176.684,260.932
177.169,259.451
177.579,257.918
177.920,256.322
178.198,254.651
178.424,252.893
178.603,251.036
178.744,249.069
178.855,246.979
178.944,244.756
179.018,242.387
179.083,239.869
179.142,237.217
179.196,234.445
179.246,231.570
179.296,228.607
179.346,225.572
179.399,222.481
179.455,219.349
179.517,216.193
179.587,213.027
179.665,209.868
179.755,206.732
179.858,203.633
179.975,200.588
180.108,197.611
180.256,194.702
180.414,191.855
180.582,189.066
180.754,186.327
180.929,183.635
181.104,180.983
181.275,178.366
181.440,175.777
181.595,173.213
181.739,170.666
181.867,168.132
181.977,165.605
182.066,163.081
182.138,160.564
182.198,158.065
182.252,155.594
182.304,153.160
182.361,150.775
182.428,148.447
182.511,146.187
182.615,144.005
182.746,141.911
182.909,139.915
183.110,138.027
183.354,136.251
183.648,134.587
183.997,133.033
184.406,131.590
184.882,130.255
185.430,129.029
186.056,127.910
186.761,126.909
187.536,126.069
188.367,125.439
189.240,125.071
190.144,125.014
191.069,125.296
192.018,125.892
192.994,126.768
194.002,127.889
195.046,129.222
196.131,130.732
197.259,132.384
198.430,134.148
199.633,135.996
200.853,137.902
202.078,139.840
203.296,141.784
204.491,143.708
205.653,145.585
206.766,147.389
207.819,149.095
208.798,150.675
209.691,152.109
210.492,153.414
211.200,154.625
211.812,155.777
212.326,156.906
212.740,158.047
213.052,159.236
213.268,160.500
213.409,161.854
213.499,163.310
213.564,164.880
213.628,166.574
213.715,168.406
213.850,170.386
214.057,172.526
214.349,174.826
214.712,177.258
215.133,179.791
215.596,182.396
216.086,185.042
216.589,187.699
217.088,190.337
217.570,192.925
218.019,195.434
218.421,197.832
218.759,200.091
219.020,202.179
219.193,204.079
219.290,205.818
219.321,207.427
219.301,208.938
219.241,210.386
219.155,211.802
219.055,213.219
218.955,214.670
218.863,216.173
218.787,217.731
218.734,219.349
218.710,221.029
218.722,222.773
218.776,224.586
218.880,226.469
219.039,228.426
219.256,230.455
219.520,232.543
219.820,234.675
220.144,236.838
220.482,239.018
220.821,241.200
221.150,243.369
221.459,245.513
221.734,247.616
221.966,249.665
222.145,251.649
222.270,253.575
222.347,255.463
222.380,257.328
222.375,259.189
222.336,261.063
222.267,262.967
222.175,264.918
222.063,266.935
221.937,269.032
221.801,271.214
221.660,273.470
221.520,275.786
221.385,278.152
221.260,280.555
221.150,282.983
221.060,285.425
220.996,287.868
220.961,290.300
220.962,292.709
221.002,295.083
221.085,297.415
221.201,299.706
221.340,301.963
221.491,304.192
221.643,306.400
221.785,308.592
221.908,310.774
221.999,312.952
222.048,315.133
222.045,317.322
221.978,319.526
221.845,321.745
221.658,323.965
221.432,326.175
221.183,328.360
220.923,330.508
220.669,332.604
220.434,334.635
220.233,336.588
220.081,338.448
219.993,340.204
219.974,341.848
220.003,343.392
220.054,344.854
220.103,346.249
220.123,347.594
220.089,348.904
219.977,350.197
219.772,351.486
219.495,352.782
219.171,354.094
218.822,355.431
218.475,356.803
218.154,358.219
217.881,359.688
217.667,361.213
217.500,362.787
217.372,364.402
217.272,366.053
217.191,367.733
217.117,369.435
217.041,371.153
216.954,372.879
216.857,374.608
216.764,376.336
216.688,378.058
216.645,379.770
216.647,381.467
216.710,383.146
216.845,384.802
217.069,386.429
217.380,388.030
217.759,389.614
218.179,391.192
218.617,392.775
219.048,394.374
219.446,396.001
219.788,397.666
220.049,399.379
220.216,401.145
220.301,402.946
220.322,404.766
220.294,406.585
220.233,408.387
220.156,410.152
220.077,411.864
220.014,413.503
219.981,415.055
219.976,416.529
219.990,417.948
220.011,419.339
220.029,420.725
220.033,422.131
220.012,423.582
219.956,425.100
219.867,426.687
219.753,428.332
219.621,430.025
219.478,431.754
219.332,433.509
219.190,435.279
219.061,437.054
218.952,438.823
218.855,440.576
218.749,442.303
218.612,443.998
218.422,445.649
218.156,447.250
217.792,448.789
217.309,450.260
216.683,451.653
215.909,452.968
214.993,454.211
213.944,455.390
212.772,456.513
211.484,457.588
210.089,458.622
208.597,459.623
207.015,460.597
205.357,461.521
203.640,462.353
201.879,463.049
200.091,463.568
198.293,463.865
196.501,463.898
194.731,463.624
193.000,463.000
