X	Y
3.467	13.333
3.469	13.311
3.466	13.290
3.464	13.273
3.470	13.261
3.485	13.255
3.508	13.251
3.535	13.247
3.564	13.241
3.592	13.228
3.619	13.209
3.643	13.187
3.666	13.161
3.687	13.134
3.706	13.107
3.724	13.081
3.740	13.056
3.755	13.032
3.770	13.008
3.785	12.982
3.802	12.953
3.821	12.920
3.842	12.883
3.864	12.843
3.888	12.800
3.912	12.754
3.936	12.706
3.960	12.658
3.982	12.608
4.003	12.559
4.022	12.510
4.038	12.461
4.052	12.414
4.063	12.367
4.073	12.321
4.081	12.275
4.089	12.229
4.095	12.182
4.102	12.135
4.108	12.087
4.115	12.037
4.122	11.987
4.130	11.935
4.138	11.883
4.147	11.829
4.155	11.774
4.163	11.717
4.170	11.660
4.177	11.602
4.183	11.543
4.187	11.483
4.191	11.421
4.194	11.359
4.195	11.297
4.196	11.234
4.196	11.172
4.194	11.110
4.192	11.048
4.189	10.987
4.186	10.928
4.182	10.869
4.177	10.813
4.173	10.759
4.167	10.706
4.162	10.656
4.156	10.609
4.149	10.563
4.142	10.520
4.135	10.480
4.127	10.441
4.118	10.405
4.108	10.371
4.098	10.339
4.088	10.307
4.077	10.276
4.067	10.243
4.057	10.207
4.048	10.168
4.040	10.125
4.033	10.076
4.027	10.024
4.023	9.968
4.019	9.909
4.016	9.847
4.013	9.785
4.012	9.722
4.010	9.659
4.009	9.597
4.009	9.536
4.009	9.478
4.008	9.423
4.008	9.369
4.008	9.318
4.008	9.268
4.008	9.219
4.008	9.170
4.008	9.121
4.009	9.071
4.009	9.020
4.009	8.967
4.008	8.911
4.008	8.854
4.008	8.794
4.007	8.734
4.007	8.672
4.006	8.609
4.006	8.546
4.005	8.483
4.004	8.420
4.002	8.357
4.001	8.295
4.000	8.235
3.998	8.175
3.996	8.117
3.995	8.060
3.993	8.004
3.992	7.948
3.990	7.893
3.990	7.839
3.989	7.785
3.990	7.732
3.991	7.678
3.992	7.624
3.994	7.571
3.997	7.517
4.000	7.464
4.003	7.411
4.007	7.359
4.010	7.307
4.013	7.257
4.015	7.207
4.017	7.159
4.017	7.112
4.017	7.067
4.016	7.021
4.015	6.976
4.013	6.930
4.010	6.882
4.006	6.831
4.002	6.778
3.998	6.720
3.994	6.658
3.989	6.591
3.984	6.519
3.979	6.443
3.975	6.363
3.970	6.280
3.965	6.195
3.961	6.110
3.956	6.024
3.952	5.939
3.949	5.856
3.946	5.775
3.943	5.698
3.941	5.625
3.940	5.557
3.940	5.494
3.940	5.439
3.941	5.389
3.942	5.345
3.944	5.304
3.945	5.264
3.945	5.224
3.945	5.183
3.944	5.138
3.941	5.088
3.936	5.031
3.929	4.969
3.921	4.901
3.912	4.831
3.901	4.759
3.889	4.687
3.876	4.616
3.862	4.547
3.848	4.483
3.833	4.424
3.817	4.372
3.802	4.329
3.786	4.295
3.772	4.271
3.760	4.252
3.752	4.234
3.750	4.216
3.756	4.192
3.767	4.165
3.782	4.135
3.798	4.102
3.813	4.069
3.825	4.036
3.832	4.005
3.833	3.975
3.830	3.945
3.823	3.915
3.814	3.882
3.802	3.847
3.790	3.808
3.777	3.764
3.764	3.717
3.752	3.666
3.739	3.614
3.727	3.561
3.716	3.507
3.705	3.454
3.695	3.402
3.687	3.353
3.679	3.306
3.673	3.262
3.668	3.222
3.662	3.184
3.657	3.148
3.650	3.113
3.641	3.080
3.631	3.047
3.618	3.015
3.602	2.983
3.585	2.952
3.566	2.922
3.546	2.893
3.525	2.866
3.505	2.842
3.484	2.820
3.464	2.800
3.444	2.784
3.424	2.770
3.404	2.760
3.385	2.754
3.366	2.753
3.347	2.757
3.329	2.767
3.312	2.784
3.295	2.806
3.279	2.835
3.264	2.869
3.249	2.907
3.234	2.950
3.220	2.997
3.207	3.047
3.194	3.100
3.181	3.155
3.169	3.211
3.157	3.269
3.146	3.327
3.135	3.385
3.124	3.442
3.114	3.497
3.104	3.551
3.094	3.602
3.085	3.652
3.076	3.699
3.067	3.746
3.059	3.791
3.051	3.836
3.043	3.880
3.036	3.925
3.028	3.970
3.022	4.016
3.015	4.064
3.008	4.112
3.002	4.162
2.995	4.213
2.989	4.266
2.983	4.321
2.976	4.378
2.970	4.437
2.963	4.499
2.956	4.563
2.949	4.629
2.941	4.697
2.934	4.768
2.926	4.839
2.918	4.911
2.911	4.984
2.903	5.056
2.896	5.129
2.889	5.200
2.883	5.270
2.876	5.339
2.871	5.406
2.865	5.471
2.860	5.532
2.856	5.592
2.852	5.649
2.849	5.705
2.846	5.759
2.843	5.812
2.840	5.864
2.837	5.916
2.835	5.968
2.832	6.021
2.830	6.075
2.827	6.129
2.824	6.185
2.821	6.242
2.818	6.300
2.815	6.360
2.812	6.420
2.809	6.482
2.806	6.546
2.803	6.611
2.800	6.677
2.797	6.745
2.795	6.814
2.793	6.885
2.791	6.957
2.789	7.029
2.787	7.103
2.786	7.177
2.785	7.251
2.783	7.326
2.782	7.400
2.781	7.473
2.781	7.546
2.780	7.618
2.779	7.689
2.779	7.758
2.778	7.825
2.778	7.891
2.778	7.955
2.777	8.018
2.777	8.080
2.777	8.141
2.777	8.203
2.777	8.264
2.777	8.325
2.778	8.388
2.778	8.451
2.778	8.515
2.778	8.582
2.779	8.650
2.779	8.720
2.780	8.791
2.781	8.864
2.782	8.938
2.783	9.013
2.784	9.089
2.786	9.166
2.787	9.244
2.790	9.322
2.792	9.400
2.795	9.478
2.798	9.556
2.802	9.634
2.806	9.711
2.810	9.788
2.815	9.864
2.820	9.939
2.825	10.014
2.831	10.088
2.837	10.162
2.843	10.235
2.849	10.307
2.854	10.379
2.860	10.450
2.866	10.521
2.872	10.590
2.877	10.659
2.882	10.728
2.887	10.795
2.892	10.862
2.896	10.929
2.901	10.994
2.905	11.059
2.909	11.123
2.914	11.187
2.919	11.250
2.923	11.312
2.929	11.373
2.934	11.433
2.940	11.493
2.947	11.552
2.953	11.610
2.961	11.667
2.968	11.723
2.975	11.778
2.982	11.831
2.989	11.883
2.996	11.932
3.002	11.980
3.008	12.026
3.013	12.069
3.017	12.111
3.020	12.150
3.022	12.188
3.023	12.225
3.023	12.260
3.021	12.296
3.019	12.330
3.015	12.365
3.010	12.399
3.004	12.431
2.996	12.462
2.987	12.490
2.977	12.515
2.965	12.537
2.953	12.556
2.943	12.577
2.936	12.600
2.933	12.628
2.936	12.663
2.944	12.703
2.956	12.746
2.970	12.792
2.986	12.840
3.004	12.888
3.021	12.934
3.038	12.979
3.053	13.019
3.067	13.057
3.079	13.091
3.091	13.124
3.104	13.155
3.117	13.185
3.132	13.216
3.150	13.248
3.170	13.281
3.193	13.312
3.219	13.341
3.246	13.367
3.276	13.386
3.307	13.399
3.341	13.403
3.374	13.400
3.406	13.389
3.434	13.374
3.455	13.355
3.467	13.333
