X	Y
2.593	10.824
2.621	10.805
2.647	10.784
2.671	10.759
2.694	10.733
2.714	10.706
2.734	10.678
2.752	10.651
2.769	10.625
2.784	10.600
2.798	10.575
2.810	10.549
2.820	10.522
2.827	10.493
2.831	10.462
2.834	10.429
2.835	10.395
2.835	10.359
2.835	10.322
2.835	10.285
2.835	10.246
2.836	10.206
2.838	10.166
2.841	10.125
2.844	10.083
2.847	10.039
2.850	9.994
2.853	9.948
2.856	9.900
2.859	9.851
2.862	9.800
2.864	9.749
2.867	9.699
2.869	9.649
2.871	9.602
2.873	9.557
2.875	9.515
2.878	9.478
2.880	9.445
2.883	9.417
2.886	9.391
2.890	9.367
2.896	9.342
2.902	9.314
2.909	9.284
2.918	9.251
2.926	9.215
2.935	9.178
2.943	9.140
2.950	9.101
2.955	9.063
2.958	9.025
2.960	8.989
2.960	8.953
2.959	8.917
2.958	8.882
2.956	8.846
2.956	8.809
2.956	8.771
2.958	8.733
2.960	8.693
2.963	8.653
2.966	8.612
2.970	8.570
2.973	8.527
2.976	8.484
2.978	8.439
2.980	8.395
2.981	8.350
2.981	8.304
2.981	8.258
2.980	8.211
2.980	8.164
2.979	8.116
2.978	8.067
2.978	8.018
2.978	7.968
2.978	7.918
2.979	7.868
2.980	7.819
2.983	7.771
2.987	7.725
2.992	7.680
2.999	7.638
3.007	7.598
3.017	7.561
3.028	7.528
3.041	7.496
3.053	7.466
3.066	7.437
3.077	7.407
3.087	7.377
3.094	7.344
3.100	7.310
3.104	7.274
3.106	7.236
3.108	7.195
3.109	7.151
3.109	7.105
3.110	7.056
3.110	7.004
3.111	6.949
3.113	6.894
3.115	6.838
3.117	6.783
3.119	6.731
3.122	6.681
3.125	6.636
3.128	6.596
3.131	6.563
3.135	6.536
3.138	6.515
3.141	6.495
3.142	6.474
3.143	6.449
3.141	6.419
3.139	6.385
3.138	6.350
3.137	6.314
3.138	6.279
3.142	6.247
3.148	6.220
3.158	6.196
3.168	6.174
3.177	6.151
3.185	6.128
3.190	6.100
3.191	6.069
3.190	6.035
3.186	5.997
3.182	5.956
3.176	5.913
3.171	5.867
3.165	5.819
3.161	5.770
3.158	5.719
3.155	5.667
3.153	5.614
3.152	5.560
3.151	5.507
3.151	5.453
3.151	5.400
3.151	5.348
3.150	5.297
3.150	5.247
3.149	5.199
3.148	5.151
3.146	5.105
3.145	5.059
3.143	5.013
3.141	4.966
3.140	4.918
3.138	4.870
3.136	4.820
3.134	4.768
3.132	4.715
3.129	4.660
3.127	4.604
3.124	4.548
3.121	4.492
3.118	4.436
3.114	4.381
3.110	4.326
3.105	4.273
3.099	4.222
3.093	4.173
3.085	4.126
3.078	4.080
3.070	4.036
3.061	3.993
3.052	3.951
3.043	3.910
3.034	3.870
3.025	3.829
3.016	3.789
3.007	3.750
2.998	3.710
2.988	3.672
2.978	3.636
2.966	3.600
2.954	3.567
2.940	3.535
2.925	3.506
2.909	3.478
2.891	3.452
2.872	3.427
2.851	3.403
2.829	3.379
2.806	3.355
2.782	3.332
2.757	3.311
2.732	3.291
2.707	3.275
2.681	3.263
2.657	3.255
2.632	3.252
2.609	3.253
2.588	3.259
2.568	3.269
2.551	3.283
2.535	3.301
2.521	3.323
2.509	3.348
2.498	3.377
2.488	3.410
2.480	3.447
2.472	3.485
2.466	3.526
2.460	3.569
2.456	3.612
2.451	3.656
2.447	3.700
2.444	3.743
2.441	3.785
2.438	3.828
2.435	3.870
2.433	3.913
2.431	3.957
2.429	4.002
2.427	4.048
2.425	4.095
2.423	4.145
2.421	4.197
2.419	4.250
2.417	4.305
2.415	4.361
2.413	4.419
2.411	4.478
2.408	4.538
2.405	4.599
2.401	4.661
2.398	4.723
2.393	4.786
2.388	4.850
2.383	4.914
2.378	4.977
2.372	5.040
2.366	5.103
2.360	5.164
2.354	5.224
2.349	5.283
2.343	5.340
2.337	5.394
2.332	5.446
2.327	5.496
2.323	5.543
2.319	5.588
2.315	5.632
2.312	5.676
2.309	5.720
2.306	5.764
2.304	5.811
2.302	5.859
2.300	5.910
2.298	5.964
2.297	6.021
2.296	6.080
2.295	6.139
2.294	6.199
2.292	6.258
2.290	6.317
2.288	6.373
2.285	6.427
2.282	6.477
2.278	6.523
2.273	6.565
2.268	6.603
2.262	6.640
2.256	6.675
2.250	6.712
2.244	6.750
2.238	6.791
2.233	6.836
2.229	6.887
2.226	6.942
2.223	7.000
2.221	7.062
2.219	7.125
2.217	7.190
2.216	7.254
2.215	7.318
2.214	7.381
2.214	7.441
2.213	7.498
2.212	7.551
2.211	7.599
2.210	7.644
2.210	7.687
2.209	7.729
2.208	7.771
2.207	7.813
2.206	7.858
2.205	7.906
2.205	7.958
2.205	8.015
2.204	8.075
2.204	8.138
2.204	8.203
2.204	8.269
2.204	8.334
2.204	8.397
2.205	8.458
2.205	8.515
2.205	8.567
2.205	8.613
2.205	8.653
2.205	8.686
2.205	8.715
2.205	8.742
2.205	8.771
2.205	8.802
2.205	8.840
2.205	8.885
2.205	8.938
2.205	8.996
2.206	9.058
2.206	9.125
2.207	9.194
2.207	9.264
2.208	9.335
2.209	9.406
2.209	9.474
2.210	9.541
2.212	9.603
2.213	9.660
2.215	9.713
2.216	9.761
2.218	9.807
2.221	9.850
2.224	9.893
2.228	9.935
2.232	9.978
2.237	10.022
2.243	10.070
2.250	10.121
2.257	10.174
2.266	10.229
2.274	10.285
2.283	10.342
2.293	10.398
2.302	10.454
2.312	10.508
2.322	10.560
2.331	10.609
2.341	10.655
2.350	10.696
2.360	10.733
2.371	10.765
2.385	10.793
2.401	10.815
2.421	10.832
2.445	10.844
2.472	10.850
2.502	10.850
2.532	10.846
2.563	10.837
2.593	10.824
