X,Y
221.000,480.000
219.634,478.745
218.314,477.505
217.045,476.262
215.832,474.995
214.682,473.685
213.600,472.312
212.593,470.857
211.665,469.299
210.823,467.620
210.068,465.810
209.394,463.887
208.795,461.869
208.263,459.775
207.792,457.625
207.373,455.438
207.000,453.233
206.667,451.029
206.365,448.845
206.088,446.701
205.828,444.613
205.580,442.582
205.335,440.592
205.087,438.631
204.829,436.684
204.554,434.738
204.255,432.779
203.925,430.793
203.557,428.767
203.144,426.686
202.681,424.539
202.171,422.326
201.626,420.059
201.057,417.749
200.476,415.407
199.894,413.043
199.321,410.668
198.770,408.293
198.251,405.930
197.776,403.588
197.356,401.280
197.002,399.015
196.722,396.801
196.510,394.634
196.355,392.504
196.247,390.404
196.176,388.323
196.133,386.254
196.105,384.188
196.085,382.116
196.061,380.030
196.023,377.921
195.962,375.780
195.874,373.607
195.760,371.405
195.622,369.179
195.463,366.933
195.283,364.670
195.086,362.396
194.871,360.115
194.642,357.830
194.399,355.546
194.146,353.267
193.883,350.998
193.614,348.742
193.346,346.501
193.085,344.279
192.838,342.078
192.611,339.900
192.410,337.749
192.242,335.627
192.113,333.537
192.030,331.482
191.999,329.463
192.026,327.484
192.108,325.542
192.243,323.636
192.423,321.761
192.645,319.914
192.904,318.092
193.194,316.292
193.512,314.510
193.851,312.744
194.207,310.990
194.575,309.243
194.947,307.497
195.317,305.748
195.679,303.988
196.026,302.212
196.351,300.414
196.647,298.588
196.909,296.729
197.131,294.831
197.311,292.893
197.457,290.918
197.573,288.907
197.666,286.864
197.740,284.791
197.801,282.691
197.855,280.565
197.908,278.418
197.964,276.250
198.029,274.065
198.106,271.866
198.193,269.656
198.286,267.438
198.385,265.217
198.487,262.995
198.589,260.775
198.690,258.562
198.788,256.359
198.880,254.169
198.964,251.996
199.039,249.843
199.105,247.713
199.168,245.607
199.232,243.529
199.302,241.480
199.384,239.462
199.482,237.477
199.600,235.528
199.745,233.615
199.920,231.743
200.130,229.911
200.371,228.115
200.631,226.343
200.899,224.585
201.164,222.829
201.415,221.065
201.640,219.282
201.828,217.467
201.967,215.611
202.048,213.703
202.075,211.744
202.060,209.740
202.018,207.699
201.962,205.627
201.905,203.532
201.861,201.421
201.843,199.301
201.864,197.179
201.938,195.063
202.078,192.958
202.286,190.864
202.554,188.774
202.873,186.677
203.235,184.567
203.630,182.434
204.050,180.269
204.487,178.064
204.931,175.811
205.373,173.500
205.806,171.123
206.220,168.673
206.614,166.152
206.992,163.574
207.358,160.952
207.717,158.301
208.073,155.634
208.431,152.966
208.795,150.310
209.169,147.679
209.558,145.088
209.966,142.551
210.398,140.080
210.857,137.692
211.350,135.398
211.886,133.220
212.476,131.178
213.135,129.296
213.874,127.595
214.707,126.098
215.645,124.827
216.703,123.804
217.891,123.051
219.218,122.587
220.663,122.400
222.197,122.474
223.789,122.790
225.410,123.331
227.030,124.078
228.620,125.013
230.150,126.118
231.597,127.379
232.958,128.788
234.231,130.340
235.417,132.028
236.516,133.849
237.527,135.795
238.451,137.862
239.287,140.044
240.035,142.336
240.695,144.732
241.268,147.226
241.754,149.810
242.161,152.471
242.494,155.198
242.759,157.979
242.961,160.801
243.107,163.652
243.202,166.521
243.251,169.395
243.261,172.262
243.237,175.109
243.186,177.926
243.112,180.699
243.021,183.418
242.920,186.070
242.811,188.656
242.699,191.181
242.585,193.651
242.474,196.072
242.367,198.447
242.268,200.782
242.180,203.084
242.107,205.356
242.050,207.605
242.013,209.835
242.000,212.052
242.011,214.259
242.040,216.451
242.079,218.623
242.122,220.767
242.160,222.879
242.187,224.950
242.193,226.976
242.173,228.950
242.117,230.865
242.020,232.715
241.874,234.498
241.685,236.224
241.462,237.914
241.215,239.588
240.954,241.264
240.689,242.963
240.428,244.703
240.181,246.504
239.958,248.385
239.766,250.352
239.612,252.378
239.499,254.433
239.432,256.487
239.415,258.509
239.453,260.468
239.550,262.335
239.710,264.078
239.939,265.667
240.237,267.079
240.586,268.347
240.956,269.529
241.317,270.685
241.639,271.874
241.893,273.156
242.048,274.589
242.098,276.191
242.058,277.930
241.950,279.769
241.792,281.669
241.605,283.595
241.407,285.510
241.220,287.375
241.062,289.155
240.952,290.814
240.895,292.356
240.879,293.824
240.892,295.264
240.923,296.719
240.959,298.236
240.989,299.859
241.001,301.633
240.984,303.596
240.938,305.737
240.869,308.022
240.781,310.417
240.679,312.889
240.568,315.404
240.453,317.929
240.338,320.429
240.230,322.872
240.131,325.222
240.049,327.448
239.986,329.515
239.946,331.411
239.925,333.163
239.920,334.801
239.927,336.357
239.943,337.862
239.963,339.348
239.985,340.846
240.004,342.387
240.019,343.990
240.029,345.649
240.034,347.357
240.035,349.106
240.032,350.887
240.026,352.693
240.017,354.516
240.005,356.346
239.990,358.179
239.975,360.012
239.959,361.854
239.946,363.708
239.937,365.583
239.933,367.482
239.937,369.413
239.949,371.381
239.973,373.393
240.009,375.454
240.059,377.562
240.122,379.700
240.198,381.846
240.286,383.982
240.386,386.087
240.497,388.141
240.618,390.123
240.750,392.014
240.892,393.794
241.043,395.442
241.200,396.958
241.361,398.376
241.518,399.737
241.668,401.077
241.805,402.436
241.924,403.852
242.020,405.364
242.091,406.996
242.138,408.741
242.165,410.591
242.173,412.536
242.165,414.568
242.145,416.677
242.114,418.854
242.076,421.089
242.032,423.373
241.986,425.698
241.939,428.052
241.888,430.423
241.832,432.798
241.769,435.163
241.697,437.505
241.614,439.812
241.518,442.070
241.408,444.266
241.280,446.387
241.134,448.420
240.967,450.352
240.779,452.177
240.569,453.909
240.341,455.562
240.095,457.153
239.832,458.696
239.555,460.207
239.264,461.701
238.960,463.194
238.645,464.698
238.317,466.220
237.975,467.765
237.617,469.339
237.242,470.947
236.847,472.594
236.431,474.285
235.993,476.026
235.529,477.809
235.026,479.579
234.470,481.266
233.845,482.803
233.138,484.123
232.333,485.157
231.415,485.838
230.373,486.101
229.211,485.954
227.952,485.459
226.619,484.680
225.234,483.681
223.821,482.525
222.402,481.277
221.000,480.000
