X	Y
2.812	10.742
2.840	10.729
2.868	10.713
2.897	10.694
2.926	10.672
2.954	10.648
2.982	10.622
3.008	10.596
3.033	10.569
3.055	10.542
3.075	10.516
3.093	10.491
3.108	10.467
3.120	10.442
3.131	10.417
3.141	10.392
3.148	10.364
3.155	10.336
3.160	10.304
3.165	10.271
3.168	10.235
3.171	10.198
3.173	10.159
3.175	10.118
3.175	10.077
3.175	10.035
3.174	9.992
3.172	9.950
3.170	9.908
3.167	9.866
3.164	9.825
3.160	9.784
3.155	9.743
3.151	9.703
3.146	9.663
3.141	9.622
3.136	9.582
3.131	9.541
3.127	9.499
3.123	9.456
3.119	9.413
3.116	9.369
3.114	9.324
3.112	9.278
3.111	9.232
3.110	9.186
3.110	9.140
3.111	9.094
3.113	9.049
3.115	9.005
3.118	8.962
3.122	8.920
3.126	8.880
3.131	8.842
3.137	8.805
3.143	8.770
3.150	8.736
3.156	8.703
3.162	8.672
3.168	8.640
3.173	8.609
3.176	8.579
3.178	8.548
3.179	8.516
3.179	8.485
3.178	8.453
3.176	8.421
3.174	8.388
3.172	8.355
3.170	8.322
3.169	8.288
3.168	8.253
3.169	8.218
3.170	8.183
3.172	8.148
3.174	8.112
3.177	8.076
3.180	8.040
3.183	8.004
3.185	7.968
3.187	7.932
3.188	7.896
3.188	7.860
3.188	7.825
3.187	7.789
3.186	7.753
3.185	7.718
3.183	7.682
3.181	7.645
3.180	7.608
3.179	7.571
3.178	7.533
3.178	7.494
3.178	7.455
3.179	7.415
3.181	7.374
3.183	7.333
3.186	7.292
3.189	7.250
3.192	7.209
3.196	7.167
3.201	7.125
3.206	7.084
3.211	7.043
3.217	7.001
3.223	6.960
3.229	6.920
3.235	6.878
3.241	6.837
3.247	6.796
3.252	6.754
3.257	6.711
3.261	6.668
3.265	6.625
3.267	6.580
3.268	6.535
3.269	6.489
3.269	6.443
3.268	6.396
3.267	6.350
3.267	6.304
3.266	6.259
3.266	6.215
3.267	6.172
3.268	6.130
3.271	6.090
3.275	6.052
3.281	6.016
3.288	5.982
3.296	5.950
3.304	5.920
3.313	5.890
3.320	5.861
3.327	5.832
3.333	5.804
3.336	5.774
3.338	5.744
3.337	5.714
3.335	5.684
3.331	5.654
3.328	5.626
3.323	5.599
3.320	5.574
3.316	5.552
3.314	5.532
3.313	5.514
3.313	5.496
3.314	5.477
3.316	5.455
3.318	5.429
3.322	5.399
3.326	5.365
3.331	5.327
3.336	5.288
3.342	5.246
3.348	5.203
3.354	5.159
3.361	5.115
3.367	5.071
3.373	5.029
3.379	4.987
3.385	4.947
3.391	4.909
3.396	4.871
3.401	4.833
3.405	4.795
3.410	4.757
3.414	4.718
3.417	4.677
3.421	4.634
3.424	4.589
3.426	4.542
3.428	4.492
3.430	4.439
3.432	4.384
3.433	4.328
3.434	4.271
3.435	4.212
3.435	4.154
3.435	4.096
3.436	4.038
3.436	3.981
3.436	3.926
3.436	3.872
3.436	3.821
3.436	3.772
3.435	3.727
3.435	3.685
3.436	3.646
3.436	3.609
3.436	3.573
3.436	3.539
3.436	3.506
3.436	3.472
3.436	3.438
3.436	3.402
3.435	3.365
3.435	3.326
3.435	3.285
3.434	3.242
3.434	3.199
3.433	3.156
3.432	3.112
3.431	3.070
3.430	3.029
3.429	2.990
3.427	2.953
3.426	2.918
3.424	2.887
3.422	2.860
3.420	2.834
3.416	2.811
3.412	2.788
3.405	2.767
3.397	2.745
3.387	2.724
3.375	2.702
3.361	2.680
3.346	2.660
3.329	2.642
3.312	2.625
3.294	2.612
3.276	2.602
3.258	2.596
3.240	2.594
3.222	2.597
3.205	2.605
3.190	2.619
3.175	2.637
3.161	2.659
3.147	2.684
3.134	2.712
3.120	2.741
3.107	2.772
3.094	2.803
3.080	2.834
3.067	2.865
3.053	2.897
3.039	2.929
3.024	2.961
3.010	2.994
2.996	3.027
2.982	3.062
2.968	3.098
2.955	3.134
2.941	3.172
2.928	3.212
2.915	3.252
2.902	3.293
2.889	3.336
2.877	3.380
2.864	3.424
2.852	3.470
2.840	3.516
2.828	3.564
2.816	3.612
2.805	3.661
2.793	3.710
2.782	3.761
2.770	3.812
2.759	3.863
2.748	3.914
2.737	3.965
2.727	4.015
2.717	4.066
2.707	4.115
2.698	4.164
2.689	4.212
2.680	4.259
2.672	4.304
2.665	4.348
2.658	4.391
2.651	4.432
2.645	4.472
2.639	4.511
2.633	4.549
2.628	4.588
2.622	4.627
2.616	4.666
2.611	4.706
2.604	4.747
2.598	4.789
2.590	4.834
2.583	4.880
2.574	4.928
2.566	4.977
2.557	5.027
2.548	5.077
2.540	5.128
2.531	5.180
2.522	5.231
2.514	5.282
2.507	5.332
2.499	5.382
2.493	5.430
2.487	5.477
2.482	5.522
2.478	5.566
2.474	5.608
2.472	5.649
2.469	5.690
2.467	5.730
2.465	5.770
2.463	5.810
2.462	5.851
2.460	5.892
2.458	5.935
2.455	5.979
2.453	6.025
2.449	6.072
2.446	6.120
2.442	6.170
2.438	6.221
2.434	6.273
2.430	6.325
2.426	6.379
2.422	6.433
2.418	6.487
2.415	6.541
2.411	6.596
2.409	6.650
2.407	6.705
2.405	6.759
2.404	6.812
2.404	6.865
2.404	6.918
2.404	6.970
2.405	7.021
2.406	7.072
2.407	7.123
2.409	7.173
2.410	7.222
2.412	7.270
2.413	7.318
2.414	7.366
2.415	7.412
2.416	7.458
2.417	7.503
2.417	7.548
2.417	7.592
2.417	7.636
2.417	7.680
2.417	7.724
2.417	7.768
2.416	7.813
2.416	7.858
2.416	7.904
2.416	7.950
2.416	7.998
2.416	8.046
2.416	8.096
2.417	8.146
2.417	8.198
2.418	8.250
2.419	8.303
2.420	8.356
2.422	8.410
2.423	8.464
2.425	8.518
2.427	8.573
2.429	8.628
2.431	8.683
2.433	8.738
2.436	8.793
2.439	8.847
2.442	8.902
2.445	8.956
2.448	9.010
2.451	9.063
2.455	9.117
2.458	9.170
2.462	9.222
2.466	9.275
2.469	9.327
2.473	9.378
2.476	9.429
2.480	9.480
2.483	9.530
2.487	9.580
2.490	9.629
2.493	9.678
2.496	9.725
2.499	9.772
2.502	9.817
2.505	9.862
2.507	9.905
2.509	9.946
2.511	9.986
2.513	10.023
2.514	10.059
2.515	10.093
2.516	10.124
2.516	10.154
2.516	10.183
2.516	10.210
2.516	10.236
2.516	10.262
2.515	10.287
2.514	10.313
2.513	10.338
2.513	10.364
2.512	10.390
2.512	10.415
2.513	10.440
2.514	10.465
2.516	10.489
2.519	10.513
2.524	10.536
2.530	10.559
2.536	10.581
2.545	10.603
2.555	10.624
2.566	10.645
2.580	10.664
2.594	10.683
2.610	10.700
2.628	10.715
2.646	10.728
2.666	10.739
2.688	10.748
2.710	10.753
2.734	10.756
2.759	10.755
2.785	10.750
2.812	10.742
