X	Y
3.726	2.887
3.719	2.900
3.712	2.914
3.706	2.929
3.701	2.944
3.696	2.961
3.691	2.978
3.688	2.995
3.684	3.014
3.681	3.032
3.678	3.051
3.676	3.070
3.674	3.090
3.673	3.109
3.672	3.129
3.671	3.149
3.670	3.169
3.670	3.188
3.670	3.208
3.670	3.227
3.670	3.246
3.670	3.265
3.671	3.283
3.672	3.302
3.672	3.320
3.673	3.338
3.674	3.356
3.676	3.374
3.677	3.392
3.678	3.410
3.679	3.429
3.681	3.447
3.682	3.465
3.683	3.483
3.684	3.502
3.686	3.521
3.687	3.540
3.688	3.559
3.689	3.579
3.690	3.599
3.691	3.619
3.692	3.640
3.693	3.661
3.694	3.682
3.695	3.703
3.695	3.724
3.696	3.746
3.697	3.768
3.697	3.789
3.698	3.811
3.699	3.833
3.700	3.855
3.700	3.878
3.701	3.900
3.702	3.922
3.703	3.944
3.704	3.966
3.705	3.988
3.706	4.010
3.707	4.032
3.708	4.054
3.710	4.076
3.711	4.097
3.712	4.119
3.714	4.140
3.715	4.161
3.717	4.182
3.718	4.203
3.719	4.224
3.721	4.244
3.722	4.265
3.723	4.285
3.724	4.305
3.725	4.326
3.726	4.345
3.726	4.365
3.727	4.385
3.727	4.404
3.727	4.423
3.727	4.442
3.726	4.461
3.726	4.480
3.725	4.499
3.723	4.517
3.722	4.535
3.721	4.554
3.719	4.572
3.717	4.591
3.715	4.609
3.713	4.627
3.711	4.646
3.709	4.665
3.706	4.684
3.704	4.703
3.701	4.722
3.699	4.742
3.697	4.762
3.694	4.783
3.692	4.803
3.690	4.825
3.688	4.846
3.686	4.868
3.684	4.891
3.682	4.914
3.680	4.937
3.679	4.960
3.677	4.984
3.675	5.007
3.673	5.031
3.672	5.055
3.670	5.079
3.668	5.102
3.667	5.126
3.665	5.149
3.663	5.172
3.661	5.194
3.659	5.217
3.656	5.239
3.654	5.260
3.651	5.281
3.649	5.301
3.646	5.321
3.643	5.340
3.640	5.358
3.636	5.375
3.633	5.392
3.629	5.408
3.625	5.424
3.621	5.439
3.617	5.454
3.613	5.468
3.608	5.483
3.604	5.497
3.600	5.511
3.595	5.525
3.591	5.540
3.587	5.555
3.582	5.570
3.578	5.585
3.574	5.601
3.569	5.617
3.565	5.634
3.561	5.651
3.557	5.669
3.554	5.687
3.550	5.705
3.546	5.724
3.543	5.743
3.540	5.762
3.537	5.782
3.534	5.802
3.531	5.822
3.529	5.842
3.527	5.862
3.525	5.883
3.523	5.903
3.521	5.924
3.520	5.945
3.519	5.965
3.518	5.986
3.518	6.007
3.517	6.028
3.517	6.048
3.518	6.069
3.518	6.090
3.518	6.111
3.519	6.131
3.520	6.152
3.521	6.173
3.521	6.194
3.522	6.214
3.523	6.235
3.524	6.256
3.525	6.277
3.526	6.298
3.526	6.319
3.527	6.340
3.528	6.361
3.528	6.382
3.528	6.403
3.528	6.425
3.528	6.446
3.528	6.467
3.527	6.489
3.526	6.510
3.525	6.532
3.525	6.553
3.524	6.575
3.522	6.597
3.521	6.618
3.520	6.640
3.519	6.662
3.518	6.684
3.517	6.705
3.515	6.727
3.514	6.749
3.513	6.771
3.512	6.793
3.511	6.815
3.511	6.837
3.510	6.859
3.509	6.881
3.509	6.903
3.509	6.925
3.509	6.947
3.509	6.969
3.510	6.991
3.510	7.013
3.511	7.035
3.512	7.057
3.512	7.079
3.513	7.101
3.514	7.123
3.515	7.144
3.516	7.166
3.518	7.188
3.519	7.209
3.520	7.230
3.521	7.252
3.523	7.273
3.524	7.294
3.525	7.314
3.526	7.335
3.527	7.356
3.529	7.376
3.530	7.396
3.531	7.416
3.532	7.436
3.533	7.455
3.534	7.474
3.535	7.493
3.536	7.511
3.536	7.529
3.537	7.547
3.538	7.564
3.539	7.581
3.541	7.597
3.542	7.612
3.543	7.627
3.544	7.641
3.545	7.655
3.547	7.668
3.548	7.680
3.550	7.692
3.552	7.703
3.553	7.714
3.555	7.724
3.557	7.735
3.558	7.746
3.560	7.757
3.561	7.769
3.563	7.781
3.564	7.794
3.566	7.808
3.567	7.823
3.568	7.839
3.569	7.856
3.570	7.874
3.570	7.892
3.571	7.911
3.572	7.931
3.573	7.951
3.574	7.971
3.575	7.992
3.576	8.013
3.577	8.034
3.578	8.055
3.580	8.077
3.582	8.097
3.584	8.118
3.586	8.138
3.588	8.158
3.591	8.178
3.594	8.197
3.597	8.215
3.601	8.232
3.605	8.249
3.609	8.266
3.613	8.282
3.618	8.297
3.622	8.312
3.626	8.327
3.630	8.341
3.634	8.355
3.638	8.369
3.642	8.383
3.645	8.396
3.647	8.410
3.649	8.423
3.651	8.437
3.652	8.450
3.653	8.464
3.653	8.477
3.654	8.491
3.654	8.504
3.654	8.517
3.655	8.529
3.656	8.542
3.658	8.554
3.660	8.566
3.663	8.577
3.667	8.588
3.672	8.598
3.678	8.608
3.684	8.617
3.692	8.626
3.699	8.635
3.707	8.643
3.714	8.652
3.720	8.660
3.726	8.668
3.731	8.676
3.735	8.685
3.737	8.693
3.737	8.702
3.737	8.712
3.735	8.721
3.733	8.731
3.731	8.741
3.729	8.751
3.727	8.762
3.726	8.773
3.726	8.784
3.727	8.795
3.729	8.807
3.733	8.819
3.739	8.831
3.745	8.844
3.752	8.856
3.760	8.869
3.768	8.882
3.778	8.894
3.787	8.907
3.796	8.920
3.806	8.933
3.816	8.946
3.825	8.959
3.834	8.972
3.842	8.985
3.850	8.997
3.857	9.010
3.864	9.022
3.870	9.034
3.877	9.046
3.882	9.058
3.888	9.070
3.894	9.081
3.900	9.092
3.906	9.102
3.912	9.113
3.918	9.123
3.925	9.132
3.932	9.141
3.939	9.150
3.947	9.158
3.955	9.165
3.964	9.171
3.972	9.175
3.982	9.179
3.991	9.180
4.000	9.180
4.010	9.179
4.020	9.175
4.031	9.169
4.041	9.162
4.051	9.153
4.061	9.143
4.071	9.131
4.082	9.119
4.091	9.105
4.101	9.091
4.110	9.077
4.119	9.062
4.128	9.047
4.136	9.031
4.143	9.016
4.150	9.002
4.156	8.987
4.162	8.973
4.167	8.960
4.171	8.946
4.175	8.933
4.179	8.920
4.182	8.906
4.185	8.893
4.187	8.879
4.189	8.866
4.191	8.851
4.193	8.837
4.195	8.822
4.197	8.806
4.198	8.790
4.200	8.773
4.201	8.755
4.203	8.736
4.205	8.717
4.206	8.697
4.208	8.677
4.209	8.656
4.211	8.634
4.212	8.612
4.214	8.590
4.215	8.567
4.216	8.544
4.218	8.521
4.219	8.497
4.220	8.473
4.221	8.448
4.222	8.424
4.223	8.399
4.224	8.374
4.225	8.349
4.225	8.324
4.226	8.299
4.226	8.274
4.227	8.249
4.227	8.223
4.227	8.198
4.227	8.173
4.227	8.148
4.227	8.123
4.227	8.098
4.227	8.073
4.227	8.048
4.227	8.023
4.227	7.997
4.226	7.972
4.226	7.947
4.226	7.922
4.226	7.897
4.225	7.871
4.225	7.846
4.225	7.821
4.225	7.795
4.225	7.770
4.225	7.744
4.225	7.719
4.225	7.693
4.226	7.667
4.226	7.642
4.227	7.616
4.227	7.590
4.228	7.564
4.229	7.538
4.229	7.512
4.230	7.486
4.231	7.460
4.232	7.434
4.233	7.408
4.235	7.383
4.236	7.357
4.237	7.331
4.238	7.305
4.240	7.280
4.241	7.254
4.242	7.229
4.244	7.204
4.245	7.179
4.246	7.154
4.247	7.129
4.249	7.104
4.250	7.080
4.251	7.055
4.252	7.031
4.253	7.008
4.254	6.984
4.255	6.961
4.256	6.937
4.257	6.915
4.258	6.892
4.259	6.869
4.260	6.847
4.260	6.824
4.261	6.802
4.262	6.780
4.263	6.758
4.264	6.735
4.265	6.713
4.266	6.691
4.267	6.669
4.268	6.646
4.270	6.624
4.271	6.601
4.272	6.578
4.274	6.555
4.276	6.532
4.278	6.508
4.280	6.485
4.282	6.461
4.284	6.436
4.287	6.412
4.290	6.387
4.293	6.362
4.296	6.336
4.299	6.310
4.302	6.284
4.306	6.258
4.309	6.232
4.313	6.205
4.316	6.178
4.320	6.151
4.324	6.124
4.328	6.097
4.331	6.070
4.335	6.042
4.339	6.014
4.343	5.987
4.347	5.959
4.350	5.931
4.354	5.903
4.358	5.875
4.361	5.847
4.365	5.819
4.368	5.791
4.371	5.763
4.374	5.735
4.377	5.707
4.380	5.679
4.383	5.651
4.385	5.624
4.388	5.596
4.390	5.569
4.392	5.542
4.394	5.515
4.396	5.488
4.397	5.462
4.399	5.436
4.400	5.410
4.402	5.385
4.403	5.361
4.404	5.337
4.405	5.313
4.405	5.290
4.406	5.267
4.406	5.245
4.406	5.224
4.407	5.204
4.407	5.184
4.406	5.165
4.406	5.147
4.406	5.129
4.405	5.113
4.404	5.097
4.404	5.082
4.403	5.067
4.402	5.053
4.402	5.040
4.401	5.027
4.401	5.014
4.401	5.001
4.401	4.989
4.401	4.976
4.402	4.963
4.403	4.950
4.405	4.937
4.407	4.924
4.410	4.910
4.413	4.895
4.416	4.881
4.419	4.866
4.422	4.851
4.426	4.836
4.429	4.821
4.431	4.805
4.433	4.790
4.435	4.775
4.436	4.759
4.437	4.744
4.436	4.729
4.435	4.715
4.432	4.700
4.429	4.686
4.425	4.672
4.419	4.658
4.414	4.644
4.407	4.630
4.400	4.616
4.393	4.602
4.386	4.588
4.379	4.574
4.372	4.559
4.365	4.544
4.358	4.529
4.352	4.514
4.347	4.498
4.342	4.481
4.338	4.464
4.335	4.447
4.333	4.429
4.331	4.410
4.330	4.391
4.330	4.372
4.330	4.353
4.331	4.334
4.332	4.314
4.334	4.295
4.335	4.275
4.337	4.256
4.339	4.237
4.341	4.218
4.343	4.199
4.345	4.181
4.346	4.163
4.348	4.146
4.349	4.129
4.349	4.113
4.349	4.098
4.349	4.083
4.348	4.068
4.347	4.054
4.346	4.040
4.345	4.027
4.343	4.013
4.341	3.999
4.340	3.985
4.338	3.971
4.336	3.957
4.334	3.942
4.332	3.927
4.330	3.911
4.329	3.894
4.328	3.877
4.326	3.859
4.325	3.840
4.324	3.821
4.323	3.801
4.322	3.781
4.321	3.760
4.320	3.739
4.319	3.717
4.318	3.695
4.317	3.672
4.316	3.649
4.314	3.626
4.313	3.603
4.311	3.579
4.309	3.555
4.307	3.530
4.304	3.506
4.301	3.481
4.298	3.457
4.295	3.432
4.291	3.407
4.287	3.382
4.282	3.358
4.278	3.333
4.272	3.308
4.267	3.284
4.261	3.260
4.254	3.236
4.247	3.213
4.240	3.190
4.232	3.167
4.224	3.145
4.216	3.123
4.207	3.102
4.198	3.082
4.188	3.062
4.178	3.043
4.168	3.025
4.157	3.008
4.146	2.992
4.134	2.976
4.122	2.962
4.109	2.949
4.096	2.936
4.083	2.925
4.069	2.915
4.055	2.906
4.041	2.898
4.027	2.890
4.013	2.883
3.999	2.877
3.985	2.871
3.971	2.865
3.958	2.860
3.945	2.856
3.933	2.851
3.922	2.846
3.911	2.842
3.901	2.837
3.891	2.833
3.883	2.828
3.874	2.824
3.866	2.820
3.859	2.817
3.851	2.814
3.843	2.812
3.835	2.811
3.826	2.811
3.817	2.813
3.808	2.815
3.799	2.819
3.789	2.824
3.780	2.829
3.770	2.836
3.761	2.844
3.751	2.853
3.742	2.863
3.734	2.875
3.726	2.887
